          25
           6
   4400.0000000000000        0.0000000000000000        980.00000000000000     
   4400.0000000000000        1.2347820000000000        984.93912799999998     
   4400.0000000000000        2.2629760000000001        989.05190400000004     
   4400.0000000000000        3.1306180000000001        992.52247299999999     
   4400.0000000000000        4.1588820000000002        996.63552700000002     
   4400.0000000000000        5.0000000000000000        1000.0000000000000     
           6
   4307.0000000000000        0.0000000000000000        836.00000000000000     
   4307.0000000000000        5.3883289999999997        849.06057899999996     
   4307.0000000000000        15.297193999999999        882.62839299999996     
   4307.0000000000000        26.206868000000000        920.64819499999999     
   4307.0000000000000        38.347987000000003        971.19362400000000     
   4307.0000000000000        44.000000000000000        1000.0000000000000     
          18
   4154.0000000000000        0.0000000000000000        789.00000000000000     
   4154.0000000000000        7.0615110000000003        789.92717800000003     
   4154.0000000000000        14.625906000000001        792.26964999999996     
   4154.0000000000000        19.371167000000000        796.03145199999994     
   4154.0000000000000        24.126204999999999        800.62778500000002     
   4154.0000000000000        30.264029000000001        806.83243100000004     
   4154.0000000000000        35.003796999999999        815.91383599999995     
   4154.0000000000000        42.752980999999998        829.45638499999995     
   4154.0000000000000        47.444524000000001        842.40890899999999     
   4154.0000000000000        51.816054000000001        853.71265000000005     
   4154.0000000000000        58.890293000000000        873.59462499999995     
   4154.0000000000000        63.881301999999998        896.67981999999995     
   4154.0000000000000        66.687585999999996        910.61247800000001     
   4154.0000000000000        70.360601000000003        923.31341599999996     
   4154.0000000000000        74.904421999999997        941.28978300000006     
   4154.0000000000000        78.895370000000000        962.64083800000003     
   4154.0000000000000        83.186839000000006        987.20559500000002     
   4154.0000000000000        85.000000000000000        1000.0000000000000     
          15
   4001.0000000000000        0.0000000000000000        743.00000000000000     
   4001.0000000000000        10.930674000000000        745.87691400000006     
   4001.0000000000000        22.042178000000000        749.22052499999995     
   4001.0000000000000        33.898339999999997        754.29715399999998     
   4001.0000000000000        46.040657000000003        763.74058500000001     
   4001.0000000000000        56.464905000000002        774.41199200000005     
   4001.0000000000000        67.470725000000002        786.23911799999996     
   4001.0000000000000        76.404601000000000        800.36345900000003     
   4001.0000000000000        82.616242999999997        814.31109100000003     
   4001.0000000000000        90.046408999999997        832.95910100000003     
   4001.0000000000000        96.461123999999998        851.10843199999999     
   4001.0000000000000        101.80395500000000        873.28911800000003     
   4001.0000000000000        113.45271099999999        929.18635099999995     
   4001.0000000000000        117.83649500000000        953.17493200000001     
   4001.0000000000000        127.00000000000000        1000.0000000000000     
          20
   3848.0000000000000        0.0000000000000000        700.00000000000000     
   3848.0000000000000        10.903171000000000        700.24450899999999     
   3848.0000000000000        25.167511000000001        704.50684600000000     
   3848.0000000000000        35.399144000000000        709.00094400000000     
   3848.0000000000000        51.491481999999998        715.74357599999996     
   3848.0000000000000        65.758043999999998        725.52582299999995     
   3848.0000000000000        81.521103999999994        738.19755599999996     
   3848.0000000000000        90.907326999999995        750.18229799999995     
   3848.0000000000000        98.694474000000000        760.67737199999999     
   3848.0000000000000        107.06216900000000        772.41052900000000     
   3848.0000000000000        116.97558400000000        789.91629499999999     
   3848.0000000000000        125.66428999999999        810.05247599999996     
   3848.0000000000000        131.39488399999999        821.60929999999996     
   3848.0000000000000        135.72844900000001        835.96051799999998     
   3848.0000000000000        139.44452899999999        852.03876300000002     
   3848.0000000000000        145.77513700000000        870.10535600000003     
   3848.0000000000000        148.95989200000000        887.82864099999995     
   3848.0000000000000        153.38674300000000        915.19452999999999     
   3848.0000000000000        156.85765300000000        937.28461600000003     
   3848.0000000000000        167.00000000000000        1000.0000000000000     
          18
   3695.0000000000000        0.0000000000000000        653.00000000000000     
   3695.0000000000000        11.284921000000001        655.93180299999995     
   3695.0000000000000        23.582144000000000        659.77484000000004     
   3695.0000000000000        41.152540999999999        664.05290900000000     
   3695.0000000000000        56.486882000000001        670.13325799999996     
   3695.0000000000000        71.342197999999996        680.49467500000003     
   3695.0000000000000        88.038653999999994        693.41761899999995     
   3695.0000000000000        103.55759900000000        705.18222300000002     
   3695.0000000000000        117.34718800000000        719.08081000000004     
   3695.0000000000000        131.08752600000000        736.93287899999996     
   3695.0000000000000        141.15479199999999        755.75722199999996     
   3695.0000000000000        155.04895200000001        781.76447399999995     
   3695.0000000000000        166.77474799999999        810.97457199999997     
   3695.0000000000000        177.98971200000000        847.01902900000005     
   3695.0000000000000        187.75634400000001        889.97609199999999     
   3695.0000000000000        197.93835600000000        940.59527500000002     
   3695.0000000000000        202.89852600000000        979.82460800000001     
   3695.0000000000000        204.00000000000000        1000.0000000000000     
          19
   3543.0000000000000        0.0000000000000000        610.00000000000000     
   3543.0000000000000        16.588023000000000        612.95863799999995     
   3543.0000000000000        36.544221999999998        617.08246099999997     
   3543.0000000000000        53.299163000000000        625.31064400000002     
   3543.0000000000000        76.004244999999997        634.30631000000005     
   3543.0000000000000        89.573318000000000        645.40338999999994     
   3543.0000000000000        109.56639699999999        660.23531100000002     
   3543.0000000000000        123.29239900000000        672.40387499999997     
   3543.0000000000000        137.17225300000001        685.89101500000004     
   3543.0000000000000        153.77636300000000        706.22673999999995     
   3543.0000000000000        167.22230900000000        727.20752700000003     
   3543.0000000000000        187.04708700000000        762.38378799999998     
   3543.0000000000000        197.69900400000000        782.11675800000000     
   3543.0000000000000        203.37008700000001        798.45070699999997     
   3543.0000000000000        218.32472999999999        848.67903300000000     
   3543.0000000000000        224.78655800000001        883.54942700000004     
   3543.0000000000000        231.80125799999999        915.04513299999996     
   3543.0000000000000        236.47322000000000        950.07239400000003     
   3543.0000000000000        242.00000000000000        1000.0000000000000     
          28
   3390.0000000000000        0.0000000000000000        565.00000000000000     
   3390.0000000000000        10.009311000000000        566.96794999999997     
   3390.0000000000000        22.584509000000001        569.00009699999998     
   3390.0000000000000        36.060268000000001        573.91911100000004     
   3390.0000000000000        52.505454000000000        579.67486899999994     
   3390.0000000000000        68.956796999999995        584.93644200000006     
   3390.0000000000000        85.929175999999998        596.21322499999997     
   3390.0000000000000        103.84931400000001        606.58811900000001     
   3390.0000000000000        121.15299400000001        618.60767699999997     
   3390.0000000000000        138.16433400000000        633.59122500000001     
   3390.0000000000000        154.39407700000001        649.80686600000001     
   3390.0000000000000        171.20128900000000        667.50768400000004     
   3390.0000000000000        184.11388700000001        683.46163300000001     
   3390.0000000000000        193.80370800000000        698.41298500000005     
   3390.0000000000000        205.34698100000000        714.93749400000002     
   3390.0000000000000        214.09827600000000        730.04945699999996     
   3390.0000000000000        221.83206899999999        744.82746999999995     
   3390.0000000000000        230.95875699999999        763.97715200000005     
   3390.0000000000000        236.72933900000001        779.15837599999998     
   3390.0000000000000        241.39112700000001        794.49946199999999     
   3390.0000000000000        248.72589900000000        813.97073899999998     
   3390.0000000000000        255.51187400000001        843.32385199999999     
   3390.0000000000000        260.11001800000003        870.60812599999997     
   3390.0000000000000        264.67740900000001        893.52672099999995     
   3390.0000000000000        268.47243900000001        916.93613300000004     
   3390.0000000000000        271.45611600000001        943.96620099999996     
   3390.0000000000000        274.74131000000000        980.96421299999997     
   3390.0000000000000        277.00000000000000        1000.0000000000000     
          25
   3237.0000000000000        0.0000000000000000        523.00000000000000     
   3237.0000000000000        12.477340999999999        526.04153699999995     
   3237.0000000000000        29.125629000000000        529.16238899999996     
   3237.0000000000000        46.702182000000001        532.94627200000002     
   3237.0000000000000        65.677788000000007        540.60763899999995     
   3237.0000000000000        83.288172000000003        548.51010900000006     
   3237.0000000000000        103.81668100000000        561.36753499999998     
   3237.0000000000000        131.09947199999999        578.78494300000000     
   3237.0000000000000        172.45595399999999        614.63246800000002     
   3237.0000000000000        191.37920199999999        633.33101599999998     
   3237.0000000000000        204.05486800000000        647.80128600000000     
   3237.0000000000000        218.22497999999999        665.32577000000003     
   3237.0000000000000        226.88908900000001        680.60208699999998     
   3237.0000000000000        237.09997400000000        694.73204299999998     
   3237.0000000000000        243.77422400000000        705.71643500000005     
   3237.0000000000000        252.88452500000000        719.34733900000003     
   3237.0000000000000        261.39680600000003        739.97695599999997     
   3237.0000000000000        269.63524600000000        755.25140099999999     
   3237.0000000000000        273.97086400000001        769.43789000000004     
   3237.0000000000000        278.94343199999997        787.16903600000001     
   3237.0000000000000        286.60639800000001        814.46678699999995     
   3237.0000000000000        292.49178300000000        847.76963999999998     
   3237.0000000000000        298.86539900000002        882.88675200000000     
   3237.0000000000000        306.21327900000000        955.98013900000001     
   3237.0000000000000        308.00000000000000        1000.0000000000000     
          17
   2931.0000000000000        0.0000000000000000        330.54814199999998     
   2931.0000000000000        5.0000000000000000        330.54814199999998     
   2931.0000000000000        24.285357500000000        375.04237999999998     
   2931.0000000000000        43.570715000000000        419.53661799999998     
   2931.0000000000000        96.446652000000000        450.89866999999998     
   2931.0000000000000        152.62733399999999        488.86325900000003     
   2931.0000000000000        200.54615300000000        530.12911599999995     
   2931.0000000000000        233.59361300000000        564.79243599999995     
   2931.0000000000000        261.68395199999998        599.45575799999995     
   2931.0000000000000        291.42666600000001        648.97478599999999     
   2931.0000000000000        309.03513400000003        683.89762700000006     
   2931.0000000000000        327.48778700000003        728.81626900000003     
   2931.0000000000000        342.00598400000001        774.61302300000000     
   2931.0000000000000        354.16558800000001        830.55130799999995     
   2931.0000000000000        360.93782399999998        896.65992400000005     
   2931.0000000000000        364.22515399999997        952.68852400000003     
   2931.0000000000000        367.00000000000000        1000.0000000000000     
          24
   2625.0000000000000        0.0000000000000000        217.00000000000000     
   2625.0000000000000        20.681170999999999        221.27261799999999     
   2625.0000000000000        30.789892999999999        230.64941200000001     
   2625.0000000000000        33.621692000000003        245.76428500000000     
   2625.0000000000000        37.095115000000000        274.10072700000001     
   2625.0000000000000        41.726343999999997        293.18445100000002     
   2625.0000000000000        52.725518999999998        319.20771300000001     
   2625.0000000000000        65.448368000000002        334.51543500000002     
   2625.0000000000000        77.723245000000006        351.10514699999999     
   2625.0000000000000        97.218639999999994        371.30131799999998     
   2625.0000000000000        122.49044600000001        393.66136399999999     
   2625.0000000000000        161.48123000000001        425.39820400000002     
   2625.0000000000000        204.94853000000001        459.15034600000001     
   2625.0000000000000        242.49521200000001        490.16589399999998     
   2625.0000000000000        286.54036100000002        538.49244799999997     
   2625.0000000000000        319.03268100000003        586.81899899999996     
   2625.0000000000000        339.97217899999998        625.04746599999999     
   2625.0000000000000        357.78721100000001        663.71551699999998     
   2625.0000000000000        371.96043100000003        699.52580399999999     
   2625.0000000000000        385.02656200000001        744.53406900000004     
   2625.0000000000000        395.75027000000000        799.64144599999997     
   2625.0000000000000        402.94845199999997        864.67426899999998     
   2625.0000000000000        406.15627899999998        940.85082299999999     
   2625.0000000000000        407.00000000000000        1000.0000000000000     
          32
   2320.0000000000000        0.0000000000000000        48.773837000000000     
   2320.0000000000000        16.434964999999998        48.773837000000000     
   2320.0000000000000        25.243148999999999        50.626241000000000     
   2320.0000000000000        38.364333999999999        57.528377999999996     
   2320.0000000000000        43.136664000000003        64.462644999999995     
   2320.0000000000000        47.316192999999998        73.362341999999998     
   2320.0000000000000        52.937123999999997        92.705798000000001     
   2320.0000000000000        55.288510000000002        115.86803800000000     
   2320.0000000000000        55.150537999999997        156.48828000000000     
   2320.0000000000000        56.198942000000002        219.74102300000001     
   2320.0000000000000        56.777844999999999        246.34257900000000     
   2320.0000000000000        59.093460999999998        266.58289500000001     
   2320.0000000000000        65.461403000000004        287.40150499999999     
   2320.0000000000000        74.723865000000004        307.06352500000003     
   2320.0000000000000        85.144132999999997        322.09918699999997     
   2320.0000000000000        97.301114999999996        333.66508099999999     
   2320.0000000000000        114.54703600000001        350.78036300000002     
   2320.0000000000000        143.30548500000000        371.67359099999999     
   2320.0000000000000        191.67197100000001        404.31926099999998     
   2320.0000000000000        253.11047600000001        448.71737000000002     
   2320.0000000000000        292.32654500000001        486.58634799999999     
   2320.0000000000000        327.62100500000003        527.06697799999995     
   2320.0000000000000        349.84344599999997        557.10099300000002     
   2320.0000000000000        365.52987100000001        585.82918099999995     
   2320.0000000000000        382.52350200000001        623.69815800000003     
   2320.0000000000000        395.93958099999998        660.17807700000003     
   2320.0000000000000        414.07490000000001        720.11924399999998     
   2320.0000000000000        424.61035700000002        769.15531099999998     
   2320.0000000000000        428.96192500000001        817.70621100000005     
   2320.0000000000000        431.55595000000000        875.31883200000004     
   2320.0000000000000        432.18519800000001        935.42682500000001     
   2320.0000000000000        433.00000000000000        1000.0000000000000     
          37
   2015.0000000000000        0.0000000000000000        5.0616760000000003     
   2015.0000000000000        25.524788000000001        5.0616760000000003     
   2015.0000000000000        42.783630000000002        16.555460000000000     
   2015.0000000000000        52.420929000000001        43.900258000000001     
   2015.0000000000000        55.836435000000002        87.706548999999995     
   2015.0000000000000        58.454748000000002        120.89265300000000     
   2015.0000000000000        58.300454999999999        179.80440999999999     
   2015.0000000000000        55.288559999999997        207.51526000000001     
   2015.0000000000000        53.706544000000001        233.90587199999999     
   2015.0000000000000        56.412638999999999        271.96256199999999     
   2015.0000000000000        61.194307999999999        293.45743399999998     
   2015.0000000000000        69.562230999999997        313.75814700000001     
   2015.0000000000000        82.711822999999995        332.86470000000003     
   2015.0000000000000        95.861414999999994        346.00045599999999     
   2015.0000000000000        110.20642200000000        359.13621100000000     
   2015.0000000000000        130.52851799999999        375.85444500000000     
   2015.0000000000000        144.87352999999999        386.60188099999999     
   2015.0000000000000        179.54063700000000        410.48507499999999     
   2015.0000000000000        213.01232500000000        434.36826600000001     
   2015.0000000000000        250.07026600000000        463.02809600000001     
   2015.0000000000000        291.90987699999999        500.04704299999997     
   2015.0000000000000        315.81822699999998        526.31855399999995     
   2015.0000000000000        331.54753399999998        549.44383900000003     
   2015.0000000000000        348.89425199999999        570.25607200000002     
   2015.0000000000000        372.94351100000000        604.07578500000000     
   2015.0000000000000        387.26724899999999        628.35549700000001     
   2015.0000000000000        401.47149700000000        659.33699100000001     
   2015.0000000000000        414.58647400000001        691.88781300000005     
   2015.0000000000000        424.82875799999999        725.34150000000000     
   2015.0000000000000        430.21721200000002        755.22496599999999     
   2015.0000000000000        435.31002000000001        790.89960599999995     
   2015.0000000000000        437.70752199999998        828.55320500000005     
   2015.0000000000000        439.50202800000000        876.21702800000003     
   2015.0000000000000        440.50506700000000        908.57161199999996     
   2015.0000000000000        439.54298399999999        938.60443699999996     
   2015.0000000000000        440.99226299999998        974.02160000000003     
   2015.0000000000000        440.00000000000000        1000.0000000000000     
          45
   1709.0000000000000        0.0000000000000000        3.2234550000000000     
   1709.0000000000000        6.7779140000000000        3.2234550000000000     
   1709.0000000000000        15.598943000000000        16.401796999999998     
   1709.0000000000000        21.804428000000001        30.897366000000002     
   1709.0000000000000        27.724121000000000        52.508001999999998     
   1709.0000000000000        31.351019000000001        73.285398999999998     
   1709.0000000000000        32.671261000000001        102.74482600000000     
   1709.0000000000000        32.790441999999999        130.13265899999999     
   1709.0000000000000        30.113454000000001        191.95386800000000     
   1709.0000000000000        28.918035000000000        223.00201700000000     
   1709.0000000000000        28.918035000000000        248.07937000000001     
   1709.0000000000000        30.113454000000001        267.18592400000000     
   1709.0000000000000        30.113454000000001        280.32167900000002     
   1709.0000000000000        32.504289000000000        297.03991300000001     
   1709.0000000000000        33.699703999999997        306.59318999999999     
   1709.0000000000000        37.285958000000001        322.11726399999998     
   1709.0000000000000        50.435549999999999        343.61213600000002     
   1709.0000000000000        61.194307999999999        350.77709399999998     
   1709.0000000000000        71.953064999999995        361.52453000000003     
   1709.0000000000000        80.320983999999996        367.49532799999997     
   1709.0000000000000        92.275160999999997        377.04860500000001     
   1709.0000000000000        107.81558800000001        388.99020000000002     
   1709.0000000000000        131.72393700000001        403.32011699999998     
   1709.0000000000000        154.43686800000000        420.03835199999997     
   1709.0000000000000        195.08106300000000        443.92154299999999     
   1709.0000000000000        240.50692799999999        476.16385200000002     
   1709.0000000000000        271.70501500000000        506.63522100000000     
   1709.0000000000000        302.29051399999997        531.12170900000001     
   1709.0000000000000        339.35096700000003        572.17299300000002     
   1709.0000000000000        357.73183100000000        595.38736500000005     
   1709.0000000000000        376.67934900000000        626.46364400000004     
   1709.0000000000000        394.04485199999999        661.17654500000003     
   1709.0000000000000        408.83484800000002        702.58499099999995     
   1709.0000000000000        417.06427500000001        738.68130399999995     
   1709.0000000000000        422.80442499999998        770.30323999999996     
   1709.0000000000000        428.57598600000000        806.14508699999999     
   1709.0000000000000        430.22205500000001        833.86776399999997     
   1709.0000000000000        431.89768900000001        865.56212200000004     
   1709.0000000000000        432.62386700000002        894.85455700000000     
   1709.0000000000000        433.20807500000001        916.45164599999998     
   1709.0000000000000        433.55360999999999        940.11667299999999     
   1709.0000000000000        432.88347800000003        963.86186299999997     
   1709.0000000000000        432.94599299999999        983.63730799999996     
   1709.0000000000000        433.05254800000000        997.95190700000001     
   1709.0000000000000        432.00000000000000        1000.0000000000000     
          28
   1556.0000000000000        0.0000000000000000        0.0000000000000000     
   1556.0000000000000        1.0000000000000000        358.00000000000000     
   1556.0000000000000        20.723419000000000        367.14773100000002     
   1556.0000000000000        30.365514999999998        373.22185999999999     
   1556.0000000000000        47.379323999999997        383.44229999999999     
   1556.0000000000000        68.395133000000001        396.56886400000002     
   1556.0000000000000        88.819342000000006        409.85941000000003     
   1556.0000000000000        181.63462200000001        466.27675299999999     
   1556.0000000000000        220.44308300000000        491.85976299999999     
   1556.0000000000000        259.19949700000001        521.82795599999997     
   1556.0000000000000        295.43614600000001        554.60297100000003     
   1556.0000000000000        314.80619200000001        574.17921500000000     
   1556.0000000000000        336.14259099999998        596.24270600000000     
   1556.0000000000000        361.73228799999998        632.21761600000002     
   1556.0000000000000        378.98600099999999        663.28959399999997     
   1556.0000000000000        388.98991999999998        687.47559699999999     
   1556.0000000000000        395.91973800000000        708.26138000000003     
   1556.0000000000000        403.67151200000001        737.07520399999999     
   1556.0000000000000        410.69279499999999        758.77137900000002     
   1556.0000000000000        413.58273300000002        782.93931799999996     
   1556.0000000000000        416.92014300000000        810.33532200000002     
   1556.0000000000000        418.69401699999997        843.85024799999997     
   1556.0000000000000        419.55662400000000        880.09334000000001     
   1556.0000000000000        420.09186499999998        906.48932700000000     
   1556.0000000000000        419.87598000000003        934.37275999999997     
   1556.0000000000000        420.38196399999998        968.21543399999996     
   1556.0000000000000        420.57105300000001        993.61764200000005     
   1556.0000000000000        420.00000000000000        1000.0000000000000     
          27
   1403.0000000000000        0.0000000000000000        384.00000000000000     
   1403.0000000000000        1.6601370000000000        385.14653099999998     
   1403.0000000000000        6.1721259999999996        388.30217599999997     
   1403.0000000000000        20.294764000000001        396.94318099999998     
   1403.0000000000000        56.566828999999998        423.09894300000002     
   1403.0000000000000        82.516846000000001        439.21674000000002     
   1403.0000000000000        110.17237000000000        456.91096099999999     
   1403.0000000000000        142.41595100000001        476.60263600000002     
   1403.0000000000000        178.40130099999999        498.37235500000003     
   1403.0000000000000        212.11109999999999        521.62564899999995     
   1403.0000000000000        245.65028699999999        544.71302600000001     
   1403.0000000000000        275.04581100000001        568.61729900000000     
   1403.0000000000000        307.78059500000001        597.41181700000004     
   1403.0000000000000        324.37249200000002        619.21503499999994     
   1403.0000000000000        341.48546599999997        642.75715400000001     
   1403.0000000000000        356.65857000000000        667.36999100000003     
   1403.0000000000000        368.90077600000001        696.44344200000000     
   1403.0000000000000        385.60015099999998        744.06236899999999     
   1403.0000000000000        390.20637599999998        759.87774600000000     
   1403.0000000000000        395.64010200000001        784.46585200000004     
   1403.0000000000000        400.44373100000001        815.42347600000005     
   1403.0000000000000        401.51390700000002        834.04309499999999     
   1403.0000000000000        402.87664799999999        869.21181300000001     
   1403.0000000000000        404.38998299999997        913.23428400000000     
   1403.0000000000000        405.13279199999999        944.76079000000004     
   1403.0000000000000        405.98769900000002        991.34658400000001     
   1403.0000000000000        406.00000000000000        1000.0000000000000     
          26
   1251.0000000000000        0.0000000000000000        413.00000000000000     
   1251.0000000000000        10.653624000000001        421.49301000000003     
   1251.0000000000000        18.150096999999999        427.38671099999999     
   1251.0000000000000        30.011351999999999        439.41438699999998     
   1251.0000000000000        66.195645999999996        465.15621800000002     
   1251.0000000000000        107.57006800000001        494.13815599999998     
   1251.0000000000000        129.35548000000000        508.25957599999998     
   1251.0000000000000        154.37636800000001        524.70598099999995     
   1251.0000000000000        175.65548600000000        539.07434000000001     
   1251.0000000000000        204.24691500000000        557.35013100000003     
   1251.0000000000000        230.46455300000000        575.28892699999994     
   1251.0000000000000        258.06371999999999        596.78912700000001     
   1251.0000000000000        282.56445500000001        622.99774200000002     
   1251.0000000000000        305.85981700000002        646.55555900000002     
   1251.0000000000000        326.24337400000002        677.13903400000004     
   1251.0000000000000        343.58239300000002        708.29397100000006     
   1251.0000000000000        358.36776900000001        737.70484599999997     
   1251.0000000000000        369.42892999999998        778.77285700000004     
   1251.0000000000000        376.64577000000003        815.36305000000004     
   1251.0000000000000        379.58990899999998        846.81240300000002     
   1251.0000000000000        382.26396399999999        876.10978399999999     
   1251.0000000000000        384.32178099999999        902.26141199999995     
   1251.0000000000000        385.00145700000002        936.68371999999999     
   1251.0000000000000        386.35803900000002        971.02500399999997     
   1251.0000000000000        387.05958099999998        997.00770599999998     
   1251.0000000000000        386.00000000000000        1000.0000000000000     
          23
   1098.0000000000000        0.0000000000000000        450.00000000000000     
   1098.0000000000000        10.486397999999999        455.91316699999999     
   1098.0000000000000        19.695153999999999        464.29347000000001     
   1098.0000000000000        30.020281000000001        474.74515100000002     
   1098.0000000000000        39.340212000000001        486.68363299999999     
   1098.0000000000000        88.600373000000005        528.34508700000004     
   1098.0000000000000        124.71660700000000        556.32077300000003     
   1098.0000000000000        225.05607699999999        622.35526800000002     
   1098.0000000000000        240.73393600000000        635.13731199999995     
   1098.0000000000000        260.15479599999998        650.16288699999996     
   1098.0000000000000        292.25825200000003        685.16143499999998     
   1098.0000000000000        309.20184499999999        708.70312400000000     
   1098.0000000000000        323.67463800000002        730.25273600000003     
   1098.0000000000000        333.84301099999999        753.77722200000005     
   1098.0000000000000        342.13403099999999        775.39387899999997     
   1098.0000000000000        347.47629100000000        799.07159400000000     
   1098.0000000000000        351.84538300000003        828.53876300000002     
   1098.0000000000000        355.55019499999997        848.40619800000002     
   1098.0000000000000        359.13182200000000        874.47895400000004     
   1098.0000000000000        362.24872900000003        917.76082099999996     
   1098.0000000000000        363.20926800000001        944.40611400000000     
   1098.0000000000000        363.93175200000002        973.20208900000000     
   1098.0000000000000        363.00000000000000        1000.0000000000000     
          37
   945.00000000000000        0.0000000000000000        490.00000000000000     
   945.00000000000000        2.9560460000000002        490.97656200000000     
   945.00000000000000        3.9791040000000000        491.88932000000000     
   945.00000000000000        6.1933699999999998        493.54977800000000     
   945.00000000000000        8.0713369999999998        495.54034899999999     
   945.00000000000000        10.555687000000001        499.35277900000000     
   945.00000000000000        12.973209000000001        505.56455099999999     
   945.00000000000000        14.450514000000000        510.61555099999998     
   945.00000000000000        17.054046000000000        519.06182400000000     
   945.00000000000000        19.980941000000001        525.44037300000002     
   945.00000000000000        21.965772000000001        530.40992000000006     
   945.00000000000000        28.476759000000001        540.43820800000003     
   945.00000000000000        31.905020000000000        545.90787000000000     
   945.00000000000000        36.462586999999999        555.18652299999997     
   945.00000000000000        42.786946999999998        562.89756699999998     
   945.00000000000000        51.340353999999998        574.25491000000000     
   945.00000000000000        61.895530999999998        581.48024599999997     
   945.00000000000000        72.047582000000006        591.43503799999996     
   945.00000000000000        86.951526000000001        602.64302199999997     
   945.00000000000000        100.72493299999999        609.87653000000000     
   945.00000000000000        118.42242400000001        620.92612399999996     
   945.00000000000000        140.42679899999999        630.33181800000000     
   945.00000000000000        161.52298700000000        642.87939400000005     
   945.00000000000000        185.15433899999999        654.68873099999996     
   945.00000000000000        211.07971800000001        667.49679400000002     
   945.00000000000000        237.48090300000001        687.33911699999999     
   945.00000000000000        259.65250300000002        707.83263399999998     
   945.00000000000000        279.45770199999998        728.98207800000000     
   945.00000000000000        297.64300800000001        760.05642200000000     
   945.00000000000000        312.71817900000002        794.26705600000003     
   945.00000000000000        323.62874599999998        826.48131300000000     
   945.00000000000000        330.46986900000002        858.10604499999999     
   945.00000000000000        333.48391600000002        887.56977300000005     
   945.00000000000000        335.27411300000000        911.90040299999998     
   945.00000000000000        339.43840799999998        947.98639400000002     
   945.00000000000000        341.53841699999998        968.42894699999999     
   945.00000000000000        341.00000000000000        1000.0000000000000     
          40
   792.00000000000000        0.0000000000000000        533.00000000000000     
   792.00000000000000        1.9237470000000001        534.33063500000003     
   792.00000000000000        3.6329500000000001        536.40351999999996     
   792.00000000000000        5.1795479999999996        539.38615100000004     
   792.00000000000000        6.2106130000000004        541.37457199999994     
   792.00000000000000        8.4421239999999997        545.35184400000003     
   792.00000000000000        10.632675000000001        555.20367799999997     
   792.00000000000000        11.527620000000001        561.65980999999999     
   792.00000000000000        13.885395000000001        582.59946700000000     
   792.00000000000000        14.839160000000000        608.33458399999995     
   792.00000000000000        15.568727000000001        626.70511199999999     
   792.00000000000000        15.736259000000000        649.21130200000005     
   792.00000000000000        16.086721000000001        673.53827699999999     
   792.00000000000000        16.284125000000000        688.68052399999999     
   792.00000000000000        16.589934000000000        695.63161000000002     
   792.00000000000000        16.702956000000000        699.43801900000005     
   792.00000000000000        104.70044200000000        700.24065099999996     
   792.00000000000000        141.21918800000000        702.65014799999994     
   792.00000000000000        164.54719499999999        707.83937200000003     
   792.00000000000000        193.05547400000000        714.94481099999996     
   792.00000000000000        208.62277399999999        724.25141799999994     
   792.00000000000000        223.32222999999999        730.74260200000003     
   792.00000000000000        239.67514800000001        743.19539199999997     
   792.00000000000000        249.92051200000000        754.30880500000001     
   792.00000000000000        262.98159600000002        768.24258899999995     
   792.00000000000000        275.03317199999998        783.08396900000002     
   792.00000000000000        284.58038099999999        802.80075499999998     
   792.00000000000000        292.29982000000001        815.89355799999998     
   792.00000000000000        298.54349200000001        835.51921400000003     
   792.00000000000000        303.68927100000002        855.55579200000000     
   792.00000000000000        308.59391299999999        877.32933400000002     
   792.00000000000000        310.95907999999997        899.26191200000005     
   792.00000000000000        313.42618199999998        923.51151900000002     
   792.00000000000000        313.92261999999999        944.69467599999996     
   792.00000000000000        314.11509699999999        959.17497700000001     
   792.00000000000000        314.91765199999998        975.97359700000004     
   792.00000000000000        315.18003700000003        988.46827199999996     
   792.00000000000000        315.59701999999999        998.97753699999998     
   792.00000000000000        315.52156900000000        1000.2184720000000     
   792.00000000000000        315.00000000000000        1000.0000000000000     
          33
   639.00000000000000        0.0000000000000000        722.00000000000000     
   639.00000000000000        23.311875000000001        722.62249999999995     
   639.00000000000000        36.691087000000003        722.40824599999996     
   639.00000000000000        51.508186000000002        721.94941900000003     
   639.00000000000000        82.596283999999997        722.93851600000005     
   639.00000000000000        102.50588500000001        723.98197100000004     
   639.00000000000000        119.45317500000000        725.26612899999998     
   639.00000000000000        147.00953600000000        729.63867200000004     
   639.00000000000000        156.59678000000000        731.97978599999999     
   639.00000000000000        167.98099800000000        736.80771500000003     
   639.00000000000000        182.59884400000001        743.71240000000000     
   639.00000000000000        193.56392099999999        749.11845800000003     
   639.00000000000000        207.36134899999999        759.57895699999995     
   639.00000000000000        218.76589200000001        767.13741700000003     
   639.00000000000000        227.56228400000001        777.00602500000002     
   639.00000000000000        237.88371500000000        786.96124599999996     
   639.00000000000000        244.30939499999999        796.90657599999997     
   639.00000000000000        249.38249500000001        807.17943900000000     
   639.00000000000000        255.71547799999999        816.04889000000003     
   639.00000000000000        259.78338100000002        827.80855199999996     
   639.00000000000000        263.15282100000002        836.75322000000006     
   639.00000000000000        267.99648600000000        850.33517099999995     
   639.00000000000000        271.73979500000002        863.99707000000001     
   639.00000000000000        274.21829300000002        878.40043400000002     
   639.00000000000000        275.66203000000002        890.31891700000006     
   639.00000000000000        277.11439000000001        903.39580599999999     
   639.00000000000000        278.88210600000002        913.32930899999997     
   639.00000000000000        279.94489099999998        930.95600700000000     
   639.00000000000000        281.12901299999999        964.88314500000001     
   639.00000000000000        281.57124900000002        978.78488700000003     
   639.00000000000000        281.88691200000000        987.05986700000005     
   639.00000000000000        282.04058600000002        996.32733700000006     
   639.00000000000000        282.00000000000000        1000.0000000000000     
          24
   487.00000000000000        0.0000000000000000        742.00000000000000     
   487.00000000000000        26.930149000000000        742.24149000000000     
   487.00000000000000        40.057754000000003        742.35756500000002     
   487.00000000000000        59.028371000000000        742.40573400000005     
   487.00000000000000        79.952408000000005        743.20353899999998     
   487.00000000000000        104.69551199999999        745.08668499999999     
   487.00000000000000        124.11175400000000        748.11469000000000     
   487.00000000000000        141.17822500000000        754.03269100000000     
   487.00000000000000        160.80265100000000        762.27395700000000     
   487.00000000000000        174.32075499999999        769.34133399999996     
   487.00000000000000        187.51303200000001        778.14545999999996     
   487.00000000000000        200.39734500000000        791.08589300000006     
   487.00000000000000        211.15454600000001        802.69705699999997     
   487.00000000000000        219.11820100000000        814.46661099999994     
   487.00000000000000        226.16135000000000        827.72317999999996     
   487.00000000000000        231.69424000000001        842.87897599999997     
   487.00000000000000        238.96836200000001        864.41030899999998     
   487.00000000000000        240.83924600000000        876.82632699999999     
   487.00000000000000        242.90537900000001        892.71799599999997     
   487.00000000000000        245.98286800000000        907.95029799999998     
   487.00000000000000        247.38564600000001        925.74334299999998     
   487.00000000000000        247.89101500000001        936.74928399999999     
   487.00000000000000        248.48168999999999        947.83818199999996     
   487.00000000000000        248.86418200000000        953.71382000000006     
          25
   334.00000000000000        0.0000000000000000        762.00000000000000     
   334.00000000000000        23.269988999999999        762.50393299999996     
   334.00000000000000        41.735543999999997        762.96452899999997     
   334.00000000000000        70.278623999999994        763.36797100000001     
   334.00000000000000        78.494810000000001        763.55431699999997     
   334.00000000000000        88.493803000000000        764.32438200000001     
   334.00000000000000        104.43466500000000        766.92985399999998     
   334.00000000000000        117.08246100000000        770.85083199999997     
   334.00000000000000        126.00573400000000        775.01057900000001     
   334.00000000000000        140.35472700000000        779.92877899999996     
   334.00000000000000        151.75311099999999        786.65980500000001     
   334.00000000000000        162.66860600000001        796.78201899999999     
   334.00000000000000        171.87921000000000        805.41055200000005     
   334.00000000000000        177.34989200000001        812.20926899999995     
   334.00000000000000        185.72775899999999        822.73874799999999     
   334.00000000000000        194.12656799999999        836.08150100000000     
   334.00000000000000        198.10115800000000        846.68254100000001     
   334.00000000000000        202.40342200000001        855.79506200000003     
   334.00000000000000        206.73525100000001        868.87926200000004     
   334.00000000000000        207.64189800000000        876.90751799999998     
   334.00000000000000        208.61475799999999        882.45368699999995     
   334.00000000000000        209.96518200000000        893.21354799999995     
   334.00000000000000        211.02026799999999        898.42895899999996     
   334.00000000000000        211.42862900000000        907.77981799999998     
   334.00000000000000        211.80003400000001        912.16607499999998     
          17
   181.00000000000000        0.0000000000000000        784.00000000000000     
   181.00000000000000        22.074469000000001        783.93101899999999     
   181.00000000000000        38.929678000000003        784.22204199999999     
   181.00000000000000        67.639673999999999        784.29494199999999     
   181.00000000000000        80.614529000000005        786.64465700000005     
   181.00000000000000        93.000247000000002        789.48932700000000     
   181.00000000000000        106.91716599999999        793.24804400000005     
   181.00000000000000        120.07371999999999        797.25305600000002     
   181.00000000000000        126.72144200000000        802.89637700000003     
   181.00000000000000        136.93662599999999        809.95536700000002     
   181.00000000000000        144.18703600000001        816.92408599999999     
   181.00000000000000        151.62160800000001        825.87907700000005     
   181.00000000000000        156.99897600000000        831.51917200000003     
   181.00000000000000        162.33538600000000        843.03382999999997     
   181.00000000000000        168.40382700000001        850.49599899999998     
   181.00000000000000        171.35782200000000        860.51525500000002     
   181.00000000000000        172.83328000000000        865.31802500000003     
           5
   0.0000000000000000        0.0000000000000000        804.00000000000000     
   0.0000000000000000        20.000000000000000        804.00000000000000     
   0.0000000000000000        40.000000000000000        804.00000000000000     
   0.0000000000000000        60.000000000000000        804.00000000000000     
   0.0000000000000000        80.000000000000000        804.00000000000000     
