      0.00000000    -24.34819208    715.00000000
      0.00000000      5.88065172    722.37500000
      0.00000000     33.75587227    729.75000000
      0.00000000     59.27746958    737.12500000
      0.00000000     82.44544364    744.50000000
      0.00000000    103.25979445    751.87500000
      0.00000000    121.72052202    759.25000000
      0.00000000    137.82762633    766.62500000
      0.00000000    151.58110740    774.00000000
      0.00000000    162.98096523    781.37500000
      0.00000000    172.02719980    788.75000000
      0.00000000    178.71981113    796.12500000
      0.00000000    183.05879921    803.50000000
      0.00000000    185.04416404    810.87500000
      0.00000000    184.67590563    818.25000000
      0.00000000    181.95402397    825.62500000
      0.00000000    176.87851906    833.00000000
      0.00000000    169.44939091    840.37500000
      0.00000000    159.66663950    847.75000000
      0.00000000    147.53026485    855.12500000
      0.00000000    133.04026696    862.50000000
      0.00000000    353.53362102    869.87500000
      0.00000000    317.23924780    877.25000000
      0.00000000    284.60433558    884.62500000
      0.00000000    255.62888438    892.00000000
      0.00000000    230.31289418    899.37500000
      0.00000000    208.65636499    906.75000000
      0.00000000    190.65929681    914.12500000
      0.00000000    176.32168964    921.50000000
      0.00000000    165.64354347    928.87500000
      0.00000000    158.62485831    936.25000000
      0.00000000    155.26563416    943.62500000
      0.00000000    155.56587102    951.00000000
      0.00000000    159.52556889    958.37500000
      0.00000000    167.14472776    965.75000000
      0.00000000    178.42334764    973.12500000
      0.00000000    193.36142853    980.50000000
      0.00000000    211.95897043    987.87500000
      0.00000000    234.21597333    995.25000000
      0.00000000    260.13243724   1002.62500000
      0.00000000    289.70836217   1010.00000000

    110.00000000     -6.32999416    715.00000000
    110.00000000     20.14404181    722.37500000
    110.00000000     44.55111971    729.75000000
    110.00000000     66.89123954    737.12500000
    110.00000000     87.16440130    744.50000000
    110.00000000    105.37060499    751.87500000
    110.00000000    121.50985062    759.25000000
    110.00000000    135.58213817    766.62500000
    110.00000000    147.58746766    774.00000000
    110.00000000    157.52583908    781.37500000
    110.00000000    165.39725243    788.75000000
    110.00000000    171.20170771    796.12500000
    110.00000000    174.93920492    803.50000000
    110.00000000    176.60974407    810.87500000
    110.00000000    176.21332515    818.25000000
    110.00000000    173.74994815    825.62500000
    110.00000000    169.21961309    833.00000000
    110.00000000    162.62231997    840.37500000
    110.00000000    153.95806877    847.75000000
    110.00000000    143.22685950    855.12500000
    110.00000000    130.42869217    862.50000000
    110.00000000    328.14057210    869.87500000
    110.00000000    295.99320221    877.25000000
    110.00000000    267.07042069    884.62500000
    110.00000000    241.37222754    892.00000000
    110.00000000    218.89862276    899.37500000
    110.00000000    199.64960636    906.75000000
    110.00000000    183.62517833    914.12500000
    110.00000000    170.82533867    921.50000000
    110.00000000    161.25008739    928.87500000
    110.00000000    154.89942448    936.25000000
    110.00000000    151.77334994    943.62500000
    110.00000000    151.87186377    951.00000000
    110.00000000    155.19496598    958.37500000
    110.00000000    161.74265655    965.75000000
    110.00000000    171.51493551    973.12500000
    110.00000000    184.51180283    980.50000000
    110.00000000    200.73325853    987.87500000
    110.00000000    220.17930260    995.25000000
    110.00000000    242.84993504   1002.62500000
    110.00000000    268.74515585   1010.00000000

    220.00000000     13.08610106    715.00000000
    220.00000000     36.10631888    722.37500000
    220.00000000     57.32643449    729.75000000
    220.00000000     76.74644788    737.12500000
    220.00000000     94.36635905    744.50000000
    220.00000000    110.18616801    751.87500000
    220.00000000    124.20587475    759.25000000
    220.00000000    136.42547927    766.62500000
    220.00000000    146.84498158    774.00000000
    220.00000000    155.46438166    781.37500000
    220.00000000    162.28367953    788.75000000
    220.00000000    167.30287519    796.12500000
    220.00000000    170.52196862    803.50000000
    220.00000000    171.94095984    810.87500000
    220.00000000    171.55984884    818.25000000
    220.00000000    169.37863563    825.62500000
    220.00000000    165.39732019    833.00000000
    220.00000000    159.61590254    840.37500000
    220.00000000    152.03438268    847.75000000
    220.00000000    142.65276059    855.12500000
    220.00000000    131.47103629    862.50000000
    220.00000000    307.09330811    869.87500000
    220.00000000    278.81491716    877.25000000
    220.00000000    253.35807540    884.62500000
    220.00000000    230.72278282    892.00000000
    220.00000000    210.90903943    899.37500000
    220.00000000    193.91684521    906.75000000
    220.00000000    179.74620018    914.12500000
    220.00000000    168.39710433    921.50000000
    220.00000000    159.86955767    928.87500000
    220.00000000    154.16356018    936.25000000
    220.00000000    151.27911188    943.62500000
    220.00000000    151.21621277    951.00000000
    220.00000000    153.97486283    958.37500000
    220.00000000    159.55506208    965.75000000
    220.00000000    167.95681051    973.12500000
    220.00000000    179.18010812    980.50000000
    220.00000000    193.22495491    987.87500000
    220.00000000    210.09135089    995.25000000
    220.00000000    229.77929605   1002.62500000
    220.00000000    252.28879039   1010.00000000

    330.00000000     33.90009356    715.00000000
    330.00000000     53.76748294    722.37500000
    330.00000000     72.08181662    729.75000000
    330.00000000     88.84309461    737.12500000
    330.00000000    104.05131690    744.50000000
    330.00000000    117.70648351    751.87500000
    330.00000000    129.80859441    759.25000000
    330.00000000    140.35764963    766.62500000
    330.00000000    149.35364915    774.00000000
    330.00000000    156.79659298    781.37500000
    330.00000000    162.68648111    788.75000000
    330.00000000    167.02331355    796.12500000
    330.00000000    169.80709030    803.50000000
    330.00000000    171.03781136    810.87500000
    330.00000000    170.71547672    818.25000000
    330.00000000    168.84008638    825.62500000
    330.00000000    165.41164036    833.00000000
    330.00000000    160.43013864    840.37500000
    330.00000000    153.89558122    847.75000000
    330.00000000    145.80796812    855.12500000
    330.00000000    136.16729932    862.50000000
    330.00000000    290.39182903    869.87500000
    330.00000000    265.70439266    877.25000000
    330.00000000    243.46729973    884.62500000
    330.00000000    223.68055023    892.00000000
    330.00000000    206.34414417    899.37500000
    330.00000000    191.45808155    906.75000000
    330.00000000    179.02236237    914.12500000
    330.00000000    169.03698662    921.50000000
    330.00000000    161.50195431    928.87500000
    330.00000000    156.41726544    936.25000000
    330.00000000    153.78292000    943.62500000
    330.00000000    153.59891801    951.00000000
    330.00000000    155.86525945    958.37500000
    330.00000000    160.58194433    965.75000000
    330.00000000    167.74897264    973.12500000
    330.00000000    177.36634440    980.50000000
    330.00000000    189.43405959    987.87500000
    330.00000000    203.95211822    995.25000000
    330.00000000    220.92052028   1002.62500000
    330.00000000    240.33926578   1010.00000000

    440.00000000     56.11198336    715.00000000
    440.00000000     73.12753398    722.37500000
    440.00000000     88.81726610    729.75000000
    440.00000000    103.18117972    737.12500000
    440.00000000    116.21927485    744.50000000
    440.00000000    127.93155148    751.87500000
    440.00000000    138.31800961    759.25000000
    440.00000000    147.37864925    766.62500000
    440.00000000    155.11347038    774.00000000
    440.00000000    161.52247303    781.37500000
    440.00000000    166.60565717    788.75000000
    440.00000000    170.36302281    796.12500000
    440.00000000    172.79456996    803.50000000
    440.00000000    173.90029862    810.87500000
    440.00000000    173.68020877    818.25000000
    440.00000000    172.13430043    825.62500000
    440.00000000    169.26257359    833.00000000
    440.00000000    165.06502825    840.37500000
    440.00000000    159.54166442    847.75000000
    440.00000000    152.69248208    855.12500000
    440.00000000    144.51748126    862.50000000
    440.00000000    278.03613489    869.87500000
    440.00000000    256.66162871    877.25000000
    440.00000000    237.39809367    884.62500000
    440.00000000    220.24552977    892.00000000
    440.00000000    205.20393700    899.37500000
    440.00000000    192.27331537    906.75000000
    440.00000000    181.45366488    914.12500000
    440.00000000    172.74498553    921.50000000
    440.00000000    166.14727732    928.87500000
    440.00000000    161.66054024    936.25000000
    440.00000000    159.28477430    943.62500000
    440.00000000    159.01997950    951.00000000
    440.00000000    160.86615583    958.37500000
    440.00000000    164.82330330    965.75000000
    440.00000000    170.89142191    973.12500000
    440.00000000    179.07051166    980.50000000
    440.00000000    189.36057255    987.87500000
    440.00000000    201.76160457    995.25000000
    440.00000000    216.27360773   1002.62500000
    440.00000000    232.89658203   1010.00000000

    550.00000000     79.72177045    715.00000000
    550.00000000     94.18647200    722.37500000
    550.00000000    107.53278293    729.75000000
    550.00000000    119.76070322    737.12500000
    550.00000000    130.87023289    744.50000000
    550.00000000    140.86137193    751.87500000
    550.00000000    149.73412034    759.25000000
    550.00000000    157.48847812    766.62500000
    550.00000000    164.12444528    774.00000000
    550.00000000    169.64202180    781.37500000
    550.00000000    174.04120770    788.75000000
    550.00000000    177.32200297    796.12500000
    550.00000000    179.48440761    803.50000000
    550.00000000    180.52842162    810.87500000
    550.00000000    180.45404500    818.25000000
    550.00000000    179.26127776    825.62500000
    550.00000000    176.95011988    833.00000000
    550.00000000    173.52057138    840.37500000
    550.00000000    168.97263225    847.75000000
    550.00000000    163.30630249    855.12500000
    550.00000000    156.52158210    862.50000000
    550.00000000    270.02622566    869.87500000
    550.00000000    251.68662530    877.25000000
    550.00000000    235.15045722    884.62500000
    550.00000000    220.41772142    892.00000000
    550.00000000    207.48841791    899.37500000
    550.00000000    196.36254668    906.75000000
    550.00000000    187.04010773    914.12500000
    550.00000000    179.52110107    921.50000000
    550.00000000    173.80552668    928.87500000
    550.00000000    169.89338458    936.25000000
    550.00000000    167.78467476    943.62500000
    550.00000000    167.47939723    951.00000000
    550.00000000    168.97755198    958.37500000
    550.00000000    172.27913901    965.75000000
    550.00000000    177.38415832    973.12500000
    550.00000000    184.29260992    980.50000000
    550.00000000    193.00449380    987.87500000
    550.00000000    203.51980996    995.25000000
    550.00000000    215.83855840   1002.62500000
    550.00000000    229.96073913   1010.00000000

    660.00000000    104.72945483    715.00000000
    660.00000000    116.94429701    722.37500000
    660.00000000    128.22836710    729.75000000
    660.00000000    138.58166511    737.12500000
    660.00000000    148.00419103    744.50000000
    660.00000000    156.49594486    751.87500000
    660.00000000    164.05692661    759.25000000
    660.00000000    170.68713626    766.62500000
    660.00000000    176.38657383    774.00000000
    660.00000000    181.15523931    781.37500000
    660.00000000    184.99313271    788.75000000
    660.00000000    187.90025402    796.12500000
    660.00000000    189.87660324    803.50000000
    660.00000000    190.92218037    810.87500000
    660.00000000    191.03698542    818.25000000
    660.00000000    190.22101837    825.62500000
    660.00000000    188.47427925    833.00000000
    660.00000000    185.79676803    840.37500000
    660.00000000    182.18848473    847.75000000
    660.00000000    177.64942933    855.12500000
    660.00000000    172.17960186    862.50000000
    660.00000000    266.36210136    869.87500000
    660.00000000    250.77938243    877.25000000
    660.00000000    236.72439038    884.62500000
    660.00000000    224.19712521    892.00000000
    660.00000000    213.19758690    899.37500000
    660.00000000    203.72577547    906.75000000
    660.00000000    195.78169091    914.12500000
    660.00000000    189.36533323    921.50000000
    660.00000000    184.47670241    928.87500000
    660.00000000    181.11579847    936.25000000
    660.00000000    179.28262140    943.62500000
    660.00000000    178.97717121    951.00000000
    660.00000000    180.19944789    958.37500000
    660.00000000    182.94945144    965.75000000
    660.00000000    187.22718186    973.12500000
    660.00000000    193.03263916    980.50000000
    660.00000000    200.36582333    987.87500000
    660.00000000    209.22673437    995.25000000
    660.00000000    219.61537229   1002.62500000
    660.00000000    231.53173708   1010.00000000

    770.00000000    131.13503650    715.00000000
    770.00000000    141.40100900    722.37500000
    770.00000000    150.90401863    729.75000000
    770.00000000    159.64406538    737.12500000
    770.00000000    167.62114926    744.50000000
    770.00000000    174.83527027    751.87500000
    770.00000000    181.28642840    759.25000000
    770.00000000    186.97462366    766.62500000
    770.00000000    191.89985605    774.00000000
    770.00000000    196.06212556    781.37500000
    770.00000000    199.46143219    788.75000000
    770.00000000    202.09777596    796.12500000
    770.00000000    203.97115685    803.50000000
    770.00000000    205.08157487    810.87500000
    770.00000000    205.42903001    818.25000000
    770.00000000    205.01352228    825.62500000
    770.00000000    203.83505167    833.00000000
    770.00000000    201.89361820    840.37500000
    770.00000000    199.18922184    847.75000000
    770.00000000    195.72186262    855.12500000
    770.00000000    191.49154052    862.50000000
    770.00000000    267.04376198    869.87500000
    770.00000000    253.93990012    877.25000000
    770.00000000    242.11989316    884.62500000
    770.00000000    231.58374111    892.00000000
    770.00000000    222.33144398    899.37500000
    770.00000000    214.36300175    906.75000000
    770.00000000    207.67841442    914.12500000
    770.00000000    202.27768201    921.50000000
    770.00000000    198.16080450    928.87500000
    770.00000000    195.32778191    936.25000000
    770.00000000    193.77861422    943.62500000
    770.00000000    193.51330144    951.00000000
    770.00000000    194.53184356    958.37500000
    770.00000000    196.83424060    965.75000000
    770.00000000    200.42049254    973.12500000
    770.00000000    205.29059939    980.50000000
    770.00000000    211.44456115    987.87500000
    770.00000000    218.88237782    995.25000000
    770.00000000    227.60404940   1002.62500000
    770.00000000    237.60957588   1010.00000000

    880.00000000    158.93851546    715.00000000
    880.00000000    167.55660797    722.37500000
    880.00000000    175.55973750    729.75000000
    880.00000000    182.94790404    737.12500000
    880.00000000    189.72110759    744.50000000
    880.00000000    195.87934815    751.87500000
    880.00000000    201.42262573    759.25000000
    880.00000000    206.35094032    766.62500000
    880.00000000    210.66429192    774.00000000
    880.00000000    214.36268053    781.37500000
    880.00000000    217.44610616    788.75000000
    880.00000000    219.91456879    796.12500000
    880.00000000    221.76806844    803.50000000
    880.00000000    223.00660511    810.87500000
    880.00000000    223.63017878    818.25000000
    880.00000000    223.63878947    825.62500000
    880.00000000    223.03243717    833.00000000
    880.00000000    221.81112188    840.37500000
    880.00000000    219.97484360    847.75000000
    880.00000000    217.52360234    855.12500000
    880.00000000    214.45739809    862.50000000
    880.00000000    272.07120752    869.87500000
    880.00000000    261.16817834    877.25000000
    880.00000000    251.33696555    884.62500000
    880.00000000    242.57756915    892.00000000
    880.00000000    234.88998913    899.37500000
    880.00000000    228.27422551    906.75000000
    880.00000000    222.73027827    914.12500000
    880.00000000    218.25814742    921.50000000
    880.00000000    214.85783296    928.87500000
    880.00000000    212.52933489    936.25000000
    880.00000000    211.27265320    943.62500000
    880.00000000    211.08778791    951.00000000
    880.00000000    211.97473900    958.37500000
    880.00000000    213.93350648    965.75000000
    880.00000000    216.96409036    973.12500000
    880.00000000    221.06649061    980.50000000
    880.00000000    226.24070726    987.87500000
    880.00000000    232.48674030    995.25000000
    880.00000000    239.80458972   1002.62500000
    880.00000000    248.19425554   1010.00000000

    990.00000000    188.13989171    715.00000000
    990.00000000    195.41109393    722.37500000
    990.00000000    202.19552372    729.75000000
    990.00000000    208.49318108    737.12500000
    990.00000000    214.30406601    744.50000000
    990.00000000    219.62817852    751.87500000
    990.00000000    224.46551859    759.25000000
    990.00000000    228.81608623    766.62500000
    990.00000000    232.67988145    774.00000000
    990.00000000    236.05690424    781.37500000
    990.00000000    238.94715459    788.75000000
    990.00000000    241.35063252    796.12500000
    990.00000000    243.26733802    803.50000000
    990.00000000    244.69727109    810.87500000
    990.00000000    245.64043173    818.25000000
    990.00000000    246.09681994    825.62500000
    990.00000000    246.06643573    833.00000000
    990.00000000    245.54927908    840.37500000
    990.00000000    244.54535001    847.75000000
    990.00000000    243.05464850    855.12500000
    990.00000000    241.07717457    862.50000000
    990.00000000    281.44443799    869.87500000
    990.00000000    272.46421711    877.25000000
    990.00000000    264.37560755    884.62500000
    990.00000000    257.17860930    892.00000000
    990.00000000    250.87322237    899.37500000
    990.00000000    245.45944675    906.75000000
    990.00000000    240.93728244    914.12500000
    990.00000000    237.30672945    921.50000000
    990.00000000    234.56778778    928.87500000
    990.00000000    232.72045741    936.25000000
    990.00000000    231.76473836    943.62500000
    990.00000000    231.70063063    951.00000000
    990.00000000    232.52813421    958.37500000
    990.00000000    234.24724910    965.75000000
    990.00000000    236.85797530    973.12500000
    990.00000000    240.36031282    980.50000000
    990.00000000    244.75426166    987.87500000
    990.00000000    250.03982181    995.25000000
    990.00000000    256.21699327   1002.62500000
    990.00000000    263.28577605   1010.00000000

   1100.00000000    218.73916526    715.00000000
   1100.00000000    224.96446687    722.37500000
   1100.00000000    230.81137729    729.75000000
   1100.00000000    236.27989651    737.12500000
   1100.00000000    241.37002453    744.50000000
   1100.00000000    246.08176136    751.87500000
   1100.00000000    250.41510698    759.25000000
   1100.00000000    254.37006141    766.62500000
   1100.00000000    257.94662464    774.00000000
   1100.00000000    261.14479667    781.37500000
   1100.00000000    263.96457751    788.75000000
   1100.00000000    266.40596714    796.12500000
   1100.00000000    268.46896558    803.50000000
   1100.00000000    270.15357282    810.87500000
   1100.00000000    271.45978886    818.25000000
   1100.00000000    272.38761371    825.62500000
   1100.00000000    272.93704735    833.00000000
   1100.00000000    273.10808980    840.37500000
   1100.00000000    272.90074105    847.75000000
   1100.00000000    272.31500110    855.12500000
   1100.00000000    271.35086996    862.50000000
   1100.00000000    295.16345338    869.87500000
   1100.00000000    287.82801643    877.25000000
   1100.00000000    281.23581916    884.62500000
   1100.00000000    275.38686158    892.00000000
   1100.00000000    270.28114369    899.37500000
   1100.00000000    265.91866548    906.75000000
   1100.00000000    262.29942695    914.12500000
   1100.00000000    259.42342811    921.50000000
   1100.00000000    257.29066895    928.87500000
   1100.00000000    255.90114948    936.25000000
   1100.00000000    255.25486969    943.62500000
   1100.00000000    255.35182959    951.00000000
   1100.00000000    256.19202917    958.37500000
   1100.00000000    257.77546844    965.75000000
   1100.00000000    260.10214739    973.12500000
   1100.00000000    263.17206602    980.50000000
   1100.00000000    266.98522434    987.87500000
   1100.00000000    271.54162235    995.25000000
   1100.00000000    276.84126003   1002.62500000
   1100.00000000    282.88413741   1010.00000000

   1210.00000000    250.73633609    715.00000000
   1210.00000000    256.21672680    722.37500000
   1210.00000000    261.40729821    729.75000000
   1210.00000000    266.30805033    737.12500000
   1210.00000000    270.91898315    744.50000000
   1210.00000000    275.24009668    751.87500000
   1210.00000000    279.27139091    759.25000000
   1210.00000000    283.01286585    766.62500000
   1210.00000000    286.46452149    774.00000000
   1210.00000000    289.62635784    781.37500000
   1210.00000000    292.49837490    788.75000000
   1210.00000000    295.08057266    796.12500000
   1210.00000000    297.37295112    803.50000000
   1210.00000000    299.37551030    810.87500000
   1210.00000000    301.08825017    818.25000000
   1210.00000000    302.51117076    825.62500000
   1210.00000000    303.64427205    833.00000000
   1210.00000000    304.48755404    840.37500000
   1210.00000000    305.04101674    847.75000000
   1210.00000000    305.30466014    855.12500000
   1210.00000000    305.27848425    862.50000000
   1210.00000000    313.22825369    869.87500000
   1210.00000000    307.25957629    877.25000000
   1210.00000000    301.91760039    884.62500000
   1210.00000000    297.20232599    892.00000000
   1210.00000000    293.11375309    899.37500000
   1210.00000000    289.65188169    906.75000000
   1210.00000000    286.81671179    914.12500000
   1210.00000000    284.60824339    921.50000000
   1210.00000000    283.02647650    928.87500000
   1210.00000000    282.07141110    936.25000000
   1210.00000000    281.74304720    943.62500000
   1210.00000000    282.04138480    951.00000000
   1210.00000000    282.96642390    958.37500000
   1210.00000000    284.51816451    965.75000000
   1210.00000000    286.69660661    973.12500000
   1210.00000000    289.50175021    980.50000000
   1210.00000000    292.93359531    987.87500000
   1210.00000000    296.99214192    995.25000000
   1210.00000000    301.67739002   1002.62500000
   1210.00000000    306.98933962   1010.00000000

   1320.00000000    284.13140422    715.00000000
   1320.00000000    289.16787371    722.37500000
   1320.00000000    293.98328647    729.75000000
   1320.00000000    298.57764253    737.12500000
   1320.00000000    302.95094186    744.50000000
   1320.00000000    307.10318447    751.87500000
   1320.00000000    311.03437037    759.25000000
   1320.00000000    314.74449954    766.62500000
   1320.00000000    318.23357200    774.00000000
   1320.00000000    321.50158774    781.37500000
   1320.00000000    324.54854676    788.75000000
   1320.00000000    327.37444907    796.12500000
   1320.00000000    329.97929465    803.50000000
   1320.00000000    332.36308352    810.87500000
   1320.00000000    334.52581566    818.25000000
   1320.00000000    336.46749109    825.62500000
   1320.00000000    338.18810980    833.00000000
   1320.00000000    339.68767179    840.37500000
   1320.00000000    340.96617707    847.75000000
   1320.00000000    342.02362562    855.12500000
   1320.00000000    342.86001746    862.50000000
   1320.00000000    335.63883892    869.87500000
   1320.00000000    330.75889669    877.25000000
   1320.00000000    326.42095123    884.62500000
   1320.00000000    322.62500252    892.00000000
   1320.00000000    319.37105057    899.37500000
   1320.00000000    316.65909539    906.75000000
   1320.00000000    314.48913697    914.12500000
   1320.00000000    312.86117530    921.50000000
   1320.00000000    311.77521040    928.87500000
   1320.00000000    311.23124226    936.25000000
   1320.00000000    311.22927088    943.62500000
   1320.00000000    311.76929626    951.00000000
   1320.00000000    312.85131840    958.37500000
   1320.00000000    314.47533730    965.75000000
   1320.00000000    316.64135296    973.12500000
   1320.00000000    319.34936539    980.50000000
   1320.00000000    322.59937457    987.87500000
   1320.00000000    326.39138052    995.25000000
   1320.00000000    330.72538322   1002.62500000
   1320.00000000    335.60138269   1010.00000000

   1430.00000000    318.92436963    715.00000000
   1430.00000000    323.81790760    722.37500000
   1430.00000000    328.53934209    729.75000000
   1430.00000000    333.08867311    737.12500000
   1430.00000000    337.46590066    744.50000000
   1430.00000000    341.67102475    751.87500000
   1430.00000000    345.70404536    759.25000000
   1430.00000000    349.56496250    766.62500000
   1430.00000000    353.25377617    774.00000000
   1430.00000000    356.77048637    781.37500000
   1430.00000000    360.11509311    788.75000000
   1430.00000000    363.28759637    796.12500000
   1430.00000000    366.28799616    803.50000000
   1430.00000000    369.11629248    810.87500000
   1430.00000000    371.77248533    818.25000000
   1430.00000000    374.25657471    825.62500000
   1430.00000000    376.56856063    833.00000000
   1430.00000000    378.70844307    840.37500000
   1430.00000000    380.67622204    847.75000000
   1430.00000000    382.47189754    855.12500000
   1430.00000000    384.09546957    862.50000000
   1430.00000000    362.39520908    869.87500000
   1430.00000000    358.32597764    877.25000000
   1430.00000000    354.74587168    884.62500000
   1430.00000000    351.65489117    892.00000000
   1430.00000000    349.05303614    899.37500000
   1430.00000000    346.94030657    906.75000000
   1430.00000000    345.31670247    914.12500000
   1430.00000000    344.18222383    921.50000000
   1430.00000000    343.53687067    928.87500000
   1430.00000000    343.38064296    936.25000000
   1430.00000000    343.71354073    943.62500000
   1430.00000000    344.53556396    951.00000000
   1430.00000000    345.84671266    958.37500000
   1430.00000000    347.64698682    965.75000000
   1430.00000000    349.93638645    973.12500000
   1430.00000000    352.71491155    980.50000000
   1430.00000000    355.98256212    987.87500000
   1430.00000000    359.73933815    995.25000000
   1430.00000000    363.98523964   1002.62500000
   1430.00000000    368.72026661   1010.00000000

   1540.00000000    355.11523234    715.00000000
   1540.00000000    360.16682847    722.37500000
   1540.00000000    365.07546505    729.75000000
   1540.00000000    369.84114208    737.12500000
   1540.00000000    374.46385957    744.50000000
   1540.00000000    378.94361750    751.87500000
   1540.00000000    383.28041588    759.25000000
   1540.00000000    387.47425472    766.62500000
   1540.00000000    391.52513400    774.00000000
   1540.00000000    395.43305374    781.37500000
   1540.00000000    399.19801392    788.75000000
   1540.00000000    402.82001456    796.12500000
   1540.00000000    406.29905565    803.50000000
   1540.00000000    409.63513719    810.87500000
   1540.00000000    412.82825918    818.25000000
   1540.00000000    415.87842162    825.62500000
   1540.00000000    418.78562452    833.00000000
   1540.00000000    421.54986786    840.37500000
   1540.00000000    424.17115165    847.75000000
   1540.00000000    426.64947590    855.12500000
   1540.00000000    428.98484059    862.50000000
   1540.00000000    393.49736416    869.87500000
   1540.00000000    389.96081914    877.25000000
   1540.00000000    386.89236174    884.62500000
   1540.00000000    384.29199195    892.00000000
   1540.00000000    382.15970979    899.37500000
   1540.00000000    380.49551524    906.75000000
   1540.00000000    379.29940831    914.12500000
   1540.00000000    378.57138899    921.50000000
   1540.00000000    378.31145730    928.87500000
   1540.00000000    378.51961322    936.25000000
   1540.00000000    379.19585675    943.62500000
   1540.00000000    380.34018791    951.00000000
   1540.00000000    381.95260668    958.37500000
   1540.00000000    384.03311307    965.75000000
   1540.00000000    386.58170708    973.12500000
   1540.00000000    389.59838871    980.50000000
   1540.00000000    393.08315795    987.87500000
   1540.00000000    397.03601481    995.25000000
   1540.00000000    401.45695929   1002.62500000
   1540.00000000    406.34599138   1010.00000000

   1650.00000000    392.70399234    715.00000000
   1650.00000000    398.21463633    722.37500000
   1650.00000000    403.59165536    729.75000000
   1650.00000000    408.83504944    737.12500000
   1650.00000000    413.94481856    744.50000000
   1650.00000000    418.92096273    751.87500000
   1650.00000000    423.76348194    759.25000000
   1650.00000000    428.47237619    766.62500000
   1650.00000000    433.04764549    774.00000000
   1650.00000000    437.48928983    781.37500000
   1650.00000000    441.79730922    788.75000000
   1650.00000000    445.97170365    796.12500000
   1650.00000000    450.01247313    803.50000000
   1650.00000000    453.91961765    810.87500000
   1650.00000000    457.69313721    818.25000000
   1650.00000000    461.33303182    825.62500000
   1650.00000000    464.83930147    833.00000000
   1650.00000000    468.21194617    840.37500000
   1650.00000000    471.45096591    847.75000000
   1650.00000000    474.55636069    855.12500000
   1650.00000000    477.52813052    862.50000000
   1650.00000000    428.94530416    869.87500000
   1650.00000000    425.66342118    877.25000000
   1650.00000000    422.86042141    884.62500000
   1650.00000000    420.53630486    892.00000000
   1650.00000000    418.69107152    899.37500000
   1650.00000000    417.32472139    906.75000000
   1650.00000000    416.43725448    914.12500000
   1650.00000000    416.02867077    921.50000000
   1650.00000000    416.09897029    928.87500000
   1650.00000000    416.64815301    936.25000000
   1650.00000000    417.67621895    943.62500000
   1650.00000000    419.18316810    951.00000000
   1650.00000000    421.16900047    958.37500000
   1650.00000000    423.63371605    965.75000000
   1650.00000000    426.57731484    973.12500000
   1650.00000000    429.99979685    980.50000000
   1650.00000000    433.90116207    987.87500000
   1650.00000000    438.28141050    995.25000000
   1650.00000000    443.14054215   1002.62500000
   1650.00000000    448.47855701   1010.00000000

   1760.00000000    431.69064963    715.00000000
   1760.00000000    437.96133117    722.37500000
   1760.00000000    444.08791302    729.75000000
   1760.00000000    450.07039518    737.12500000
   1760.00000000    455.90877766    744.50000000
   1760.00000000    461.60306044    751.87500000
   1760.00000000    467.15324353    759.25000000
   1760.00000000    472.55932693    766.62500000
   1760.00000000    477.82131064    774.00000000
   1760.00000000    482.93919466    781.37500000
   1760.00000000    487.91297899    788.75000000
   1760.00000000    492.74266363    796.12500000
   1760.00000000    497.42824858    803.50000000
   1760.00000000    501.96973385    810.87500000
   1760.00000000    506.36711942    818.25000000
   1760.00000000    510.62040530    825.62500000
   1760.00000000    514.72959149    833.00000000
   1760.00000000    518.69467799    840.37500000
   1760.00000000    522.51566481    847.75000000
   1760.00000000    526.19255193    855.12500000
   1760.00000000    529.72533936    862.50000000
   1760.00000000    468.73902909    869.87500000
   1760.00000000    465.43378377    877.25000000
   1760.00000000    462.65005070    884.62500000
   1760.00000000    460.38782989    892.00000000
   1760.00000000    458.64712133    899.37500000
   1760.00000000    457.42792502    906.75000000
   1760.00000000    456.73024098    914.12500000
   1760.00000000    456.55406918    921.50000000
   1760.00000000    456.89940964    928.87500000
   1760.00000000    457.76626235    936.25000000
   1760.00000000    459.15462732    943.62500000
   1760.00000000    461.06450454    951.00000000
   1760.00000000    463.49589402    958.37500000
   1760.00000000    466.44879575    965.75000000
   1760.00000000    469.92320974    973.12500000
   1760.00000000    473.91913598    980.50000000
   1760.00000000    478.43657447    987.87500000
   1760.00000000    483.47552522    995.25000000
   1760.00000000    489.03598823   1002.62500000
   1760.00000000    495.11796348   1010.00000000

   1870.00000000    472.07520422    715.00000000
   1870.00000000    479.40691300    722.37500000
   1870.00000000    486.56423803    729.75000000
   1870.00000000    493.54717931    737.12500000
   1870.00000000    500.35573684    744.50000000
   1870.00000000    506.98991062    751.87500000
   1870.00000000    513.44970065    759.25000000
   1870.00000000    519.73510692    766.62500000
   1870.00000000    525.84612945    774.00000000
   1870.00000000    531.78276822    781.37500000
   1870.00000000    537.54502324    788.75000000
   1870.00000000    543.13289451    796.12500000
   1870.00000000    548.54638203    803.50000000
   1870.00000000    553.78548579    810.87500000
   1870.00000000    558.85020581    818.25000000
   1870.00000000    563.74054207    825.62500000
   1870.00000000    568.45649458    833.00000000
   1870.00000000    572.99806334    840.37500000
   1870.00000000    577.36524835    847.75000000
   1870.00000000    581.55804960    855.12500000
   1870.00000000    585.57646711    862.50000000
   1870.00000000    512.87853894    869.87500000
   1870.00000000    509.27190690    877.25000000
   1870.00000000    506.26124960    884.62500000
   1870.00000000    503.84656704    892.00000000
   1870.00000000    502.02785922    899.37500000
   1870.00000000    500.80512615    906.75000000
   1870.00000000    500.17836781    914.12500000
   1870.00000000    500.14758421    921.50000000
   1870.00000000    500.71277536    928.87500000
   1870.00000000    501.87394124    936.25000000
   1870.00000000    503.63108187    943.62500000
   1870.00000000    505.98419723    951.00000000
   1870.00000000    508.93328734    958.37500000
   1870.00000000    512.47835218    965.75000000
   1870.00000000    516.61939177    973.12500000
   1870.00000000    521.35640610    980.50000000
   1870.00000000    526.68939517    987.87500000
   1870.00000000    532.61835898    995.25000000
   1870.00000000    539.14329753   1002.62500000
   1870.00000000    546.26421081   1010.00000000

   1980.00000000    513.85765609    715.00000000
   1980.00000000    522.55138181    722.37500000
   1980.00000000    531.02063039    729.75000000
   1980.00000000    539.26540183    737.12500000
   1980.00000000    547.28569613    744.50000000
   1980.00000000    555.08151329    751.87500000
   1980.00000000    562.65285330    759.25000000
   1980.00000000    569.99971618    766.62500000
   1980.00000000    577.12210191    774.00000000
   1980.00000000    584.02001051    781.37500000
   1980.00000000    590.69344196    788.75000000
   1980.00000000    597.14239628    796.12500000
   1980.00000000    603.36687345    803.50000000
   1980.00000000    609.36687348    810.87500000
   1980.00000000    615.14239637    818.25000000
   1980.00000000    620.69344212    825.62500000
   1980.00000000    626.02001073    833.00000000
   1980.00000000    631.12210220    840.37500000
   1980.00000000    635.99971653    847.75000000
   1980.00000000    640.65285372    855.12500000
   1980.00000000    645.08151377    862.50000000
   1980.00000000    561.36383371    869.87500000
   1980.00000000    557.17779057    877.25000000
   1980.00000000    553.69401811    884.62500000
   1980.00000000    550.91251632    892.00000000
   1980.00000000    548.83328520    899.37500000
   1980.00000000    547.45632475    906.75000000
   1980.00000000    546.78163497    914.12500000
   1980.00000000    546.80921587    921.50000000
   1980.00000000    547.53906743    928.87500000
   1980.00000000    548.97118967    936.25000000
   1980.00000000    551.10558258    943.62500000
   1980.00000000    553.94224616    951.00000000
   1980.00000000    557.48118042    958.37500000
   1980.00000000    561.72238534    965.75000000
   1980.00000000    566.66586094    973.12500000
   1980.00000000    572.31160721    980.50000000
   1980.00000000    578.65962415    987.87500000
   1980.00000000    585.70991176    995.25000000
   1980.00000000    593.46247004   1002.62500000
   1980.00000000    601.91729900   1010.00000000

   2090.00000000    557.03800525    715.00000000
   2090.00000000    567.39473760    722.37500000
   2090.00000000    577.45709010    729.75000000
   2090.00000000    587.22506273    737.12500000
   2090.00000000    596.69865551    744.50000000
   2090.00000000    605.87786843    751.87500000
   2090.00000000    614.76270149    759.25000000
   2090.00000000    623.35315469    766.62500000
   2090.00000000    631.64922804    774.00000000
   2090.00000000    639.65092153    781.37500000
   2090.00000000    647.35823516    788.75000000
   2090.00000000    654.77116894    796.12500000
   2090.00000000    661.88972286    803.50000000
   2090.00000000    668.71389692    810.87500000
   2090.00000000    675.24369112    818.25000000
   2090.00000000    681.47910546    825.62500000
   2090.00000000    687.42013995    833.00000000
   2090.00000000    693.06679458    840.37500000
   2090.00000000    698.41906936    847.75000000
   2090.00000000    703.47696427    855.12500000
   2090.00000000    708.24047933    862.50000000
   2090.00000000    614.19491340    869.87500000
   2090.00000000    609.15143479    877.25000000
   2090.00000000    604.94835623    884.62500000
   2090.00000000    601.58567772    892.00000000
   2090.00000000    599.06339926    899.37500000
   2090.00000000    597.38152084    906.75000000
   2090.00000000    596.54004247    914.12500000
   2090.00000000    596.53896415    921.50000000
   2090.00000000    597.37828588    928.87500000
   2090.00000000    599.05800765    936.25000000
   2090.00000000    601.57812947    943.62500000
   2090.00000000    604.93865134    951.00000000
   2090.00000000    609.13957326    958.37500000
   2090.00000000    614.18089523    965.75000000
   2090.00000000    620.06261724    973.12500000
   2090.00000000    626.78473931    980.50000000
   2090.00000000    634.34726142    987.87500000
   2090.00000000    642.75018357    995.25000000
   2090.00000000    651.99350578   1002.62500000
   2090.00000000    662.07722803   1010.00000000

   2200.00000000    601.61625171    715.00000000
   2200.00000000    613.93698038    722.37500000
   2200.00000000    625.87361715    729.75000000
   2200.00000000    637.42616202    737.12500000
   2200.00000000    648.59461498    744.50000000
   2200.00000000    659.37897605    751.87500000
   2200.00000000    669.77924521    759.25000000
   2200.00000000    679.79542247    766.62500000
   2200.00000000    689.42750783    774.00000000
   2200.00000000    698.67550128    781.37500000
   2200.00000000    707.53940284    788.75000000
   2200.00000000    716.01921249    796.12500000
   2200.00000000    724.11493025    803.50000000
   2200.00000000    731.82655610    810.87500000
   2200.00000000    739.15409004    818.25000000
   2200.00000000    746.09753209    825.62500000
   2200.00000000    752.65688224    833.00000000
   2200.00000000    758.83214048    840.37500000
   2200.00000000    764.62330682    847.75000000
   2200.00000000    770.03038126    855.12500000
   2200.00000000    775.05336380    862.50000000
   2200.00000000    671.37177802    869.87500000
   2200.00000000    665.19283956    877.25000000
   2200.00000000    660.02426397    884.62500000
   2200.00000000    655.86605125    892.00000000
   2200.00000000    652.71820139    899.37500000
   2200.00000000    650.58071441    906.75000000
   2200.00000000    649.45359030    914.12500000
   2200.00000000    649.33682905    921.50000000
   2200.00000000    650.23043068    928.87500000
   2200.00000000    652.13439517    936.25000000
   2200.00000000    655.04872254    943.62500000
   2200.00000000    658.97341277    951.00000000
   2200.00000000    663.90846587    958.37500000
   2200.00000000    669.85388184    965.75000000
   2200.00000000    676.80966068    973.12500000
   2200.00000000    684.77580239    980.50000000
   2200.00000000    693.75230697    987.87500000
   2200.00000000    703.73917442    995.25000000
   2200.00000000    714.73640474   1002.62500000
   2200.00000000    726.74399792   1010.00000000

   2310.00000000    498.26047864    715.00000000
   2310.00000000    496.06589522    722.37500000
   2310.00000000    494.13007747    729.75000000
   2310.00000000    492.45302539    737.12500000
   2310.00000000    491.03473898    744.50000000
   2310.00000000    489.87521824    751.87500000
   2310.00000000    488.97446317    759.25000000
   2310.00000000    488.33247376    766.62500000
   2310.00000000    487.94925003    774.00000000
   2310.00000000    487.82479197    781.37500000
   2310.00000000    487.95909958    788.75000000
   2310.00000000    488.35217286    796.12500000
   2310.00000000    489.00401181    803.50000000
   2310.00000000    489.91461642    810.87500000
   2310.00000000    491.08398671    818.25000000
   2310.00000000    492.51212267    825.62500000
   2310.00000000    494.19902430    833.00000000
   2310.00000000    496.14469160    840.37500000
   2310.00000000    498.34912457    847.75000000
   2310.00000000    500.81232320    855.12500000
   2310.00000000    503.53428751    862.50000000
   2310.00000000    431.70910816    869.87500000
   2310.00000000    438.34991053    877.25000000
   2310.00000000    444.50613080    884.62500000
   2310.00000000    450.17776899    892.00000000
   2310.00000000    455.36482509    899.37500000
   2310.00000000    460.06729910    906.75000000
   2310.00000000    464.28519102    914.12500000
   2310.00000000    468.01850086    921.50000000
   2310.00000000    471.26722861    928.87500000
   2310.00000000    474.03137427    936.25000000
   2310.00000000    476.31093785    943.62500000
   2310.00000000    478.10591933    951.00000000
   2310.00000000    479.41631873    958.37500000
   2310.00000000    480.24213604    965.75000000
   2310.00000000    480.58337127    973.12500000
   2310.00000000    480.44002441    980.50000000
   2310.00000000    479.81209546    987.87500000
   2310.00000000    478.69958442    995.25000000
   2310.00000000    477.10249129   1002.62500000
   2310.00000000    475.02081608   1010.00000000

   2420.00000000    446.04003034    715.00000000
   2420.00000000    446.86571931    722.37500000
   2420.00000000    447.70542482    729.75000000
   2420.00000000    448.55914688    737.12500000
   2420.00000000    449.42688548    744.50000000
   2420.00000000    450.30864062    751.87500000
   2420.00000000    451.20441231    759.25000000
   2420.00000000    452.11420054    766.62500000
   2420.00000000    453.03800532    774.00000000
   2420.00000000    453.97582664    781.37500000
   2420.00000000    454.92766451    788.75000000
   2420.00000000    455.89351892    796.12500000
   2420.00000000    456.87338987    803.50000000
   2420.00000000    457.86727737    810.87500000
   2420.00000000    458.87518142    818.25000000
   2420.00000000    459.89710200    825.62500000
   2420.00000000    460.93303914    833.00000000
   2420.00000000    461.98299281    840.37500000
   2420.00000000    463.04696303    847.75000000
   2420.00000000    464.12494980    855.12500000
   2420.00000000    465.21695311    862.50000000
   2420.00000000    421.55858356    869.87500000
   2420.00000000    424.13126109    877.25000000
   2420.00000000    426.60912799    884.62500000
   2420.00000000    428.99218425    892.00000000
   2420.00000000    431.28042986    899.37500000
   2420.00000000    433.47386484    906.75000000
   2420.00000000    435.57248917    914.12500000
   2420.00000000    437.57630287    921.50000000
   2420.00000000    439.48530592    928.87500000
   2420.00000000    441.29949834    936.25000000
   2420.00000000    443.01888011    943.62500000
   2420.00000000    444.64345125    951.00000000
   2420.00000000    446.17321175    958.37500000
   2420.00000000    447.60816160    965.75000000
   2420.00000000    448.94830082    973.12500000
   2420.00000000    450.19362939    980.50000000
   2420.00000000    451.34414733    987.87500000
   2420.00000000    452.39985462    995.25000000
   2420.00000000    453.36075128   1002.62500000
   2420.00000000    454.22683729   1010.00000000

   2530.00000000    397.57848461    715.00000000
   2530.00000000    401.05009056    722.37500000
   2530.00000000    404.32022441    729.75000000
   2530.00000000    407.38888616    737.12500000
   2530.00000000    410.25607582    744.50000000
   2530.00000000    412.92179338    751.87500000
   2530.00000000    415.38603884    759.25000000
   2530.00000000    417.64881221    766.62500000
   2530.00000000    419.71011348    774.00000000
   2530.00000000    421.56994265    781.37500000
   2530.00000000    423.22829973    788.75000000
   2530.00000000    424.68518471    796.12500000
   2530.00000000    425.94059760    803.50000000
   2530.00000000    426.99453839    810.87500000
   2530.00000000    427.84700708    818.25000000
   2530.00000000    428.49800367    825.62500000
   2530.00000000    428.94752817    833.00000000
   2530.00000000    429.19558057    840.37500000
   2530.00000000    429.24216088    847.75000000
   2530.00000000    429.08726909    855.12500000
   2530.00000000    428.73090520    862.50000000
   2530.00000000    410.46668507    869.87500000
   2530.00000000    409.42281293    877.25000000
   2530.00000000    408.62846589    884.62500000
   2530.00000000    408.08364393    892.00000000
   2530.00000000    407.78834706    899.37500000
   2530.00000000    407.74257527    906.75000000
   2530.00000000    407.94632858    914.12500000
   2530.00000000    408.39960697    921.50000000
   2530.00000000    409.10241045    928.87500000
   2530.00000000    410.05473902    936.25000000
   2530.00000000    411.25659268    943.62500000
   2530.00000000    412.70797142    951.00000000
   2530.00000000    414.40887525    958.37500000
   2530.00000000    416.35930418    965.75000000
   2530.00000000    418.55925819    973.12500000
   2530.00000000    421.00873728    980.50000000
   2530.00000000    423.70774147    987.87500000
   2530.00000000    426.65627074    995.25000000
   2530.00000000    429.85432511   1002.62500000
   2530.00000000    433.30190456   1010.00000000

   2640.00000000    352.87584145    715.00000000
   2640.00000000    358.61900897    722.37500000
   2640.00000000    363.97447623    729.75000000
   2640.00000000    368.94224324    737.12500000
   2640.00000000    373.52231000    744.50000000
   2640.00000000    377.71467651    751.87500000
   2640.00000000    381.51934276    759.25000000
   2640.00000000    384.93630876    766.62500000
   2640.00000000    387.96557451    774.00000000
   2640.00000000    390.60714001    781.37500000
   2640.00000000    392.86100525    788.75000000
   2640.00000000    394.72717024    796.12500000
   2640.00000000    396.20563498    803.50000000
   2640.00000000    397.29639946    810.87500000
   2640.00000000    397.99946370    818.25000000
   2640.00000000    398.31482768    825.62500000
   2640.00000000    398.24249140    833.00000000
   2640.00000000    397.78245488    840.37500000
   2640.00000000    396.93471810    847.75000000
   2640.00000000    395.69928107    855.12500000
   2640.00000000    394.07614379    862.50000000
   2640.00000000    398.43341271    869.87500000
   2640.00000000    394.22456605    877.25000000
   2640.00000000    390.56414449    884.62500000
   2640.00000000    387.45214803    892.00000000
   2640.00000000    384.88857667    899.37500000
   2640.00000000    382.87343040    906.75000000
   2640.00000000    381.40670923    914.12500000
   2640.00000000    380.48841316    921.50000000
   2640.00000000    380.11854219    928.87500000
   2640.00000000    380.29709631    936.25000000
   2640.00000000    381.02407553    943.62500000
   2640.00000000    382.29947985    951.00000000
   2640.00000000    384.12330926    958.37500000
   2640.00000000    386.49556377    965.75000000
   2640.00000000    389.41624338    973.12500000
   2640.00000000    392.88534809    980.50000000
   2640.00000000    396.90287789    987.87500000
   2640.00000000    401.46883279    995.25000000
   2640.00000000    406.58321279   1002.62500000
   2640.00000000    412.24601788   1010.00000000

   2750.00000000    311.93210087    715.00000000
   2750.00000000    319.57247454    722.37500000
   2750.00000000    326.66818030    729.75000000
   2750.00000000    333.21921813    737.12500000
   2750.00000000    339.22558803    744.50000000
   2750.00000000    344.68729001    751.87500000
   2750.00000000    349.60432407    759.25000000
   2750.00000000    353.97669021    766.62500000
   2750.00000000    357.80438842    774.00000000
   2750.00000000    361.08741870    781.37500000
   2750.00000000    363.82578106    788.75000000
   2750.00000000    366.01947550    796.12500000
   2750.00000000    367.66850202    803.50000000
   2750.00000000    368.77286061    810.87500000
   2750.00000000    369.33255127    818.25000000
   2750.00000000    369.34757402    825.62500000
   2750.00000000    368.81792884    833.00000000
   2750.00000000    367.74361573    840.37500000
   2750.00000000    366.12463470    847.75000000
   2750.00000000    363.96098575    855.12500000
   2750.00000000    361.25266887    862.50000000
   2750.00000000    385.45876646    869.87500000
   2750.00000000    378.53652044    877.25000000
   2750.00000000    372.41616381    884.62500000
   2750.00000000    367.09769656    892.00000000
   2750.00000000    362.58111870    899.37500000
   2750.00000000    358.86643023    906.75000000
   2750.00000000    355.95363115    914.12500000
   2750.00000000    353.84272145    921.50000000
   2750.00000000    352.53370114    928.87500000
   2750.00000000    352.02657021    936.25000000
   2750.00000000    352.32132868    943.62500000
   2750.00000000    353.41797653    951.00000000
   2750.00000000    355.31651376    958.37500000
   2750.00000000    358.01694039    965.75000000
   2750.00000000    361.51925640    973.12500000
   2750.00000000    365.82346180    980.50000000
   2750.00000000    370.92955658    987.87500000
   2750.00000000    376.83754075    995.25000000
   2750.00000000    383.54741431   1002.62500000
   2750.00000000    391.05917726   1010.00000000

   2860.00000000    274.74726285    715.00000000
   2860.00000000    283.91048728    722.37500000
   2860.00000000    292.40133660    729.75000000
   2860.00000000    300.21981081    737.12500000
   2860.00000000    307.36590991    744.50000000
   2860.00000000    313.83963389    751.87500000
   2860.00000000    319.64098277    759.25000000
   2860.00000000    324.76995654    766.62500000
   2860.00000000    329.22655519    774.00000000
   2860.00000000    333.01077874    781.37500000
   2860.00000000    336.12262717    788.75000000
   2860.00000000    338.56210050    796.12500000
   2860.00000000    340.32919871    803.50000000
   2860.00000000    341.42392182    810.87500000
   2860.00000000    341.84626981    818.25000000
   2860.00000000    341.59624269    825.62500000
   2860.00000000    340.67384046    833.00000000
   2860.00000000    339.07906313    840.37500000
   2860.00000000    336.81191068    847.75000000
   2860.00000000    333.87238312    855.12500000
   2860.00000000    330.26048045    862.50000000
   2860.00000000    371.54274633    869.87500000
   2860.00000000    362.35867610    877.25000000
   2860.00000000    354.18452383    884.62500000
   2860.00000000    347.02028952    892.00000000
   2860.00000000    340.86597316    899.37500000
   2860.00000000    335.72157476    906.75000000
   2860.00000000    331.58709431    914.12500000
   2860.00000000    328.46253183    921.50000000
   2860.00000000    326.34788730    928.87500000
   2860.00000000    325.24316073    936.25000000
   2860.00000000    325.14835212    943.62500000
   2860.00000000    326.06346146    951.00000000
   2860.00000000    327.98848877    958.37500000
   2860.00000000    330.92343403    965.75000000
   2860.00000000    334.86829724    973.12500000
   2860.00000000    339.82307842    980.50000000
   2860.00000000    345.78777755    987.87500000
   2860.00000000    352.76239464    995.25000000
   2860.00000000    360.74692969   1002.62500000
   2860.00000000    369.74138269   1010.00000000

   2970.00000000    241.32132741    715.00000000
   2970.00000000    251.63304718    722.37500000
   2970.00000000    261.17394514    729.75000000
   2970.00000000    269.94402129    737.12500000
   2970.00000000    277.94327562    744.50000000
   2970.00000000    285.17170815    751.87500000
   2970.00000000    291.62931886    759.25000000
   2970.00000000    297.31610776    766.62500000
   2970.00000000    302.23207484    774.00000000
   2970.00000000    306.37722012    781.37500000
   2970.00000000    309.75154358    788.75000000
   2970.00000000    312.35504523    796.12500000
   2970.00000000    314.18772506    803.50000000
   2970.00000000    315.24958309    810.87500000
   2970.00000000    315.54061930    818.25000000
   2970.00000000    315.06083370    825.62500000
   2970.00000000    313.81022629    833.00000000
   2970.00000000    311.78879707    840.37500000
   2970.00000000    308.99654603    847.75000000
   2970.00000000    305.43347318    855.12500000
   2970.00000000    301.09957852    862.50000000
   2970.00000000    356.68535233    869.87500000
   2970.00000000    345.69103304    877.25000000
   2970.00000000    335.86922456    884.62500000
   2970.00000000    327.21992689    892.00000000
   2970.00000000    319.74314003    899.37500000
   2970.00000000    313.43886398    906.75000000
   2970.00000000    308.30709874    914.12500000
   2970.00000000    304.34784430    921.50000000
   2970.00000000    301.56110068    928.87500000
   2970.00000000    299.94686786    936.25000000
   2970.00000000    299.50514585    943.62500000
   2970.00000000    300.23593465    951.00000000
   2970.00000000    302.13923426    958.37500000
   2970.00000000    305.21504468    965.75000000
   2970.00000000    309.46336591    973.12500000
   2970.00000000    314.88419795    980.50000000
   2970.00000000    321.47754079    987.87500000
   2970.00000000    329.24339445    995.25000000
   2970.00000000    338.18175891   1002.62500000
   2970.00000000    348.29263419   1010.00000000

   3080.00000000    211.65429454    715.00000000
   3080.00000000    222.74015424    722.37500000
   3080.00000000    232.98600592    729.75000000
   3080.00000000    242.39184957    737.12500000
   3080.00000000    250.95768518    744.50000000
   3080.00000000    258.68351277    751.87500000
   3080.00000000    265.56933233    759.25000000
   3080.00000000    271.61514386    766.62500000
   3080.00000000    276.82094736    774.00000000
   3080.00000000    281.18674283    781.37500000
   3080.00000000    284.71253028    788.75000000
   3080.00000000    287.39830969    796.12500000
   3080.00000000    289.24408107    803.50000000
   3080.00000000    290.24984443    810.87500000
   3080.00000000    290.41559975    818.25000000
   3080.00000000    289.74134705    825.62500000
   3080.00000000    288.22708632    833.00000000
   3080.00000000    285.87281755    840.37500000
   3080.00000000    282.67854076    847.75000000
   3080.00000000    278.64425594    855.12500000
   3080.00000000    273.76996309    862.50000000
   3080.00000000    340.88658445    869.87500000
   3080.00000000    328.53359125    877.25000000
   3080.00000000    317.47026600    884.62500000
   3080.00000000    307.69660869    892.00000000
   3080.00000000    299.21261932    899.37500000
   3080.00000000    292.01829790    906.75000000
   3080.00000000    286.11364441    914.12500000
   3080.00000000    281.49865887    921.50000000
   3080.00000000    278.17334126    928.87500000
   3080.00000000    276.13769160    936.25000000
   3080.00000000    275.39170988    943.62500000
   3080.00000000    275.93539610    951.00000000
   3080.00000000    277.76875026    958.37500000
   3080.00000000    280.89177236    965.75000000
   3080.00000000    285.30446240    973.12500000
   3080.00000000    291.00682039    980.50000000
   3080.00000000    297.99884631    987.87500000
   3080.00000000    306.28054018    995.25000000
   3080.00000000    315.85190199   1002.62500000
   3080.00000000    326.71293174   1010.00000000

   3190.00000000    185.74616424    715.00000000
   3190.00000000    197.23180847    722.37500000
   3190.00000000    207.83751894    729.75000000
   3190.00000000    217.56329565    737.12500000
   3190.00000000    226.40913859    744.50000000
   3190.00000000    234.37504777    751.87500000
   3190.00000000    241.46102320    759.25000000
   3190.00000000    247.66706486    766.62500000
   3190.00000000    252.99317276    774.00000000
   3190.00000000    257.43934689    781.37500000
   3190.00000000    261.00558727    788.75000000
   3190.00000000    263.69189389    796.12500000
   3190.00000000    265.49826674    803.50000000
   3190.00000000    266.42470583    810.87500000
   3190.00000000    266.47121116    818.25000000
   3190.00000000    265.63778273    825.62500000
   3190.00000000    263.92442054    833.00000000
   3190.00000000    261.33112459    840.37500000
   3190.00000000    257.85789487    847.75000000
   3190.00000000    253.50473139    855.12500000
   3190.00000000    248.27163416    862.50000000
   3190.00000000    324.14644268    869.87500000
   3190.00000000    310.88635074    877.25000000
   3190.00000000    298.98764815    884.62500000
   3190.00000000    288.45033492    892.00000000
   3190.00000000    279.27441104    899.37500000
   3190.00000000    271.45987651    906.75000000
   3190.00000000    265.00673134    914.12500000
   3190.00000000    259.91497552    921.50000000
   3190.00000000    256.18460906    928.87500000
   3190.00000000    253.81563195    936.25000000
   3190.00000000    252.80804420    943.62500000
   3190.00000000    253.16184580    951.00000000
   3190.00000000    254.87703675    958.37500000
   3190.00000000    257.95361706    965.75000000
   3190.00000000    262.39158672    973.12500000
   3190.00000000    268.19094574    980.50000000
   3190.00000000    275.35169411    987.87500000
   3190.00000000    283.87383183    995.25000000
   3190.00000000    293.75735891   1002.62500000
   3190.00000000    305.00227534   1010.00000000

   3300.00000000    163.59693651    715.00000000
   3300.00000000    175.10800986    722.37500000
   3300.00000000    185.72848419    729.75000000
   3300.00000000    195.45835952    737.12500000
   3300.00000000    204.29763584    744.50000000
   3300.00000000    212.24631315    751.87500000
   3300.00000000    219.30439145    759.25000000
   3300.00000000    225.47187074    766.62500000
   3300.00000000    230.74875102    774.00000000
   3300.00000000    235.13503230    781.37500000
   3300.00000000    238.63071456    788.75000000
   3300.00000000    241.23579782    796.12500000
   3300.00000000    242.95028206    803.50000000
   3300.00000000    243.77416730    810.87500000
   3300.00000000    243.70745353    818.25000000
   3300.00000000    242.75014075    825.62500000
   3300.00000000    240.90222896    833.00000000
   3300.00000000    238.16371816    840.37500000
   3300.00000000    234.53460836    847.75000000
   3300.00000000    230.01489954    855.12500000
   3300.00000000    224.60459171    862.50000000
   3300.00000000    306.46492704    869.87500000
   3300.00000000    292.74931150    877.25000000
   3300.00000000    280.42137101    884.62500000
   3300.00000000    269.48110557    892.00000000
   3300.00000000    259.92851517    899.37500000
   3300.00000000    251.76359982    906.75000000
   3300.00000000    244.98635952    914.12500000
   3300.00000000    239.59679427    921.50000000
   3300.00000000    235.59490407    928.87500000
   3300.00000000    232.98068892    936.25000000
   3300.00000000    231.75414881    943.62500000
   3300.00000000    231.91528375    951.00000000
   3300.00000000    233.46409374    958.37500000
   3300.00000000    236.40057878    965.75000000
   3300.00000000    240.72473886    973.12500000
   3300.00000000    246.43657399    980.50000000
   3300.00000000    253.53608418    987.87500000
   3300.00000000    262.02326941    995.25000000
   3300.00000000    271.89812968   1002.62500000
   3300.00000000    283.16066501   1010.00000000

   3410.00000000    145.20661136    715.00000000
   3410.00000000    156.36875841    722.37500000
   3410.00000000    166.65890169    729.75000000
   3410.00000000    176.07704120    737.12500000
   3410.00000000    184.62317693    744.50000000
   3410.00000000    192.29730890    751.87500000
   3410.00000000    199.09943709    759.25000000
   3410.00000000    205.02956151    766.62500000
   3410.00000000    210.08768216    774.00000000
   3410.00000000    214.27379904    781.37500000
   3410.00000000    217.58791215    788.75000000
   3410.00000000    220.03002148    796.12500000
   3410.00000000    221.60012704    803.50000000
   3410.00000000    222.29822883    810.87500000
   3410.00000000    222.12432685    818.25000000
   3410.00000000    221.07842110    825.62500000
   3410.00000000    219.16051158    833.00000000
   3410.00000000    216.37059828    840.37500000
   3410.00000000    212.70868122    847.75000000
   3410.00000000    208.17476038    855.12500000
   3410.00000000    202.76883577    862.50000000
   3410.00000000    287.84203752    869.87500000
   3410.00000000    274.12247353    877.25000000
   3410.00000000    261.77143457    884.62500000
   3410.00000000    250.78892064    892.00000000
   3410.00000000    241.17493172    899.37500000
   3410.00000000    232.92946783    906.75000000
   3410.00000000    226.05252896    914.12500000
   3410.00000000    220.54411512    921.50000000
   3410.00000000    216.40422629    928.87500000
   3410.00000000    213.63286249    936.25000000
   3410.00000000    212.23002371    943.62500000
   3410.00000000    212.19570996    951.00000000
   3410.00000000    213.52992122    958.37500000
   3410.00000000    216.23265751    965.75000000
   3410.00000000    220.30391883    973.12500000
   3410.00000000    225.74370516    980.50000000
   3410.00000000    232.55201652    987.87500000
   3410.00000000    240.72885290    995.25000000
   3410.00000000    250.27421430   1002.62500000
   3410.00000000    261.18810073   1010.00000000

   3520.00000000    130.57518878    715.00000000
   3520.00000000    141.01405412    722.37500000
   3520.00000000    150.62877142    729.75000000
   3520.00000000    159.41934067    737.12500000
   3520.00000000    167.38576187    744.50000000
   3520.00000000    174.52803502    751.87500000
   3520.00000000    180.84616012    759.25000000
   3520.00000000    186.34013717    766.62500000
   3520.00000000    191.00996617    774.00000000
   3520.00000000    194.85564712    781.37500000
   3520.00000000    197.87718003    788.75000000
   3520.00000000    200.07456488    796.12500000
   3520.00000000    201.44780168    803.50000000
   3520.00000000    201.99689043    810.87500000
   3520.00000000    201.72183114    818.25000000
   3520.00000000    200.62262379    825.62500000
   3520.00000000    198.69926840    833.00000000
   3520.00000000    195.95176495    840.37500000
   3520.00000000    192.38011346    847.75000000
   3520.00000000    187.98431391    855.12500000
   3520.00000000    182.76436632    862.50000000
   3520.00000000    268.27777411    869.87500000
   3520.00000000    255.00583684    877.25000000
   3520.00000000    243.03783885    884.62500000
   3520.00000000    232.37378013    892.00000000
   3520.00000000    223.01366070    899.37500000
   3520.00000000    214.95748054    906.75000000
   3520.00000000    208.20523966    914.12500000
   3520.00000000    202.75693805    921.50000000
   3520.00000000    198.61257573    928.87500000
   3520.00000000    195.77215268    936.25000000
   3520.00000000    194.23566891    943.62500000
   3520.00000000    194.00312442    951.00000000
   3520.00000000    195.07451921    958.37500000
   3520.00000000    197.44985327    965.75000000
   3520.00000000    201.12912662    973.12500000
   3520.00000000    206.11233924    980.50000000
   3520.00000000    212.39949114    987.87500000
   3520.00000000    219.99058232    995.25000000
   3520.00000000    228.88561277   1002.62500000
   3520.00000000    239.08458251   1010.00000000

   3630.00000000    119.70266876    715.00000000
   3630.00000000    129.04389700    722.37500000
   3630.00000000    137.63809339    729.75000000
   3630.00000000    145.48525794    737.12500000
   3630.00000000    152.58539065    744.50000000
   3630.00000000    158.93849152    751.87500000
   3630.00000000    164.54456054    759.25000000
   3630.00000000    169.40359772    766.62500000
   3630.00000000    173.51560306    774.00000000
   3630.00000000    176.88057655    781.37500000
   3630.00000000    179.49851820    788.75000000
   3630.00000000    181.36942801    796.12500000
   3630.00000000    182.49330598    803.50000000
   3630.00000000    182.87015210    810.87500000
   3630.00000000    182.49996638    818.25000000
   3630.00000000    181.38274882    825.62500000
   3630.00000000    179.51849941    833.00000000
   3630.00000000    176.90721816    840.37500000
   3630.00000000    173.54890507    847.75000000
   3630.00000000    169.44356014    855.12500000
   3630.00000000    164.59118336    862.50000000
   3630.00000000    247.77213683    869.87500000
   3630.00000000    235.39940143    877.25000000
   3630.00000000    224.22058383    884.62500000
   3630.00000000    214.23568405    892.00000000
   3630.00000000    205.44470209    899.37500000
   3630.00000000    197.84763794    906.75000000
   3630.00000000    191.44449160    914.12500000
   3630.00000000    186.23526308    921.50000000
   3630.00000000    182.21995237    928.87500000
   3630.00000000    179.39855948    936.25000000
   3630.00000000    177.77108440    943.62500000
   3630.00000000    177.33752714    951.00000000
   3630.00000000    178.09788769    958.37500000
   3630.00000000    180.05216605    965.75000000
   3630.00000000    183.20036223    973.12500000
   3630.00000000    187.54247622    980.50000000
   3630.00000000    193.07850803    987.87500000
   3630.00000000    199.80845765    995.25000000
   3630.00000000    207.73232509   1002.62500000
   3630.00000000    216.85011034   1010.00000000

   3740.00000000    112.58905132    715.00000000
   3740.00000000    120.45828704    722.37500000
   3740.00000000    127.68686760    729.75000000
   3740.00000000    134.27479302    737.12500000
   3740.00000000    140.22206328    744.50000000
   3740.00000000    145.52867839    751.87500000
   3740.00000000    150.19463835    759.25000000
   3740.00000000    154.21994316    766.62500000
   3740.00000000    157.60459281    774.00000000
   3740.00000000    160.34858732    781.37500000
   3740.00000000    162.45192667    788.75000000
   3740.00000000    163.91461088    796.12500000
   3740.00000000    164.73663993    803.50000000
   3740.00000000    164.91801383    810.87500000
   3740.00000000    164.45873258    818.25000000
   3740.00000000    163.35879618    825.62500000
   3740.00000000    161.61820462    833.00000000
   3740.00000000    159.23695792    840.37500000
   3740.00000000    156.21505606    847.75000000
   3740.00000000    152.55249906    855.12500000
   3740.00000000    148.24928690    862.50000000
   3740.00000000    226.32512567    869.87500000
   3740.00000000    215.30316728    877.25000000
   3740.00000000    205.31966952    884.62500000
   3740.00000000    196.37463240    892.00000000
   3740.00000000    188.46805590    899.37500000
   3740.00000000    181.59994004    906.75000000
   3740.00000000    175.77028480    914.12500000
   3740.00000000    170.97909020    921.50000000
   3740.00000000    167.22635623    928.87500000
   3740.00000000    164.51208289    936.25000000
   3740.00000000    162.83627019    943.62500000
   3740.00000000    162.19891811    951.00000000
   3740.00000000    162.60002667    958.37500000
   3740.00000000    164.03959585    965.75000000
   3740.00000000    166.51762567    973.12500000
   3740.00000000    170.03411612    980.50000000
   3740.00000000    174.58906720    987.87500000
   3740.00000000    180.18247891    995.25000000
   3740.00000000    186.81435126   1002.62500000
   3740.00000000    194.48468423   1010.00000000

   3850.00000000    109.23433646    715.00000000
   3850.00000000    115.25722424    722.37500000
   3850.00000000    120.77509405    729.75000000
   3850.00000000    125.78794589    737.12500000
   3850.00000000    130.29577975    744.50000000
   3850.00000000    134.29859563    751.87500000
   3850.00000000    137.79639354    759.25000000
   3850.00000000    140.78917348    766.62500000
   3850.00000000    143.27693544    774.00000000
   3850.00000000    145.25967943    781.37500000
   3850.00000000    146.73740544    788.75000000
   3850.00000000    147.71011347    796.12500000
   3850.00000000    148.17780354    803.50000000
   3850.00000000    148.14047562    810.87500000
   3850.00000000    147.59812973    818.25000000
   3850.00000000    146.55076587    825.62500000
   3850.00000000    144.99838403    833.00000000
   3850.00000000    142.94098422    840.37500000
   3850.00000000    140.37856643    847.75000000
   3850.00000000    137.31113067    855.12500000
   3850.00000000    133.73867694    862.50000000
   3850.00000000    203.93674063    869.87500000
   3850.00000000    194.71713441    877.25000000
   3850.00000000    186.33509592    884.62500000
   3850.00000000    178.79062516    892.00000000
   3850.00000000    172.08372213    899.37500000
   3850.00000000    166.21438683    906.75000000
   3850.00000000    161.18261926    914.12500000
   3850.00000000    156.98841942    921.50000000
   3850.00000000    153.63178730    928.87500000
   3850.00000000    151.11272292    936.25000000
   3850.00000000    149.43122626    943.62500000
   3850.00000000    148.58729734    951.00000000
   3850.00000000    148.58093614    958.37500000
   3850.00000000    149.41214267    965.75000000
   3850.00000000    151.08091693    973.12500000
   3850.00000000    153.58725892    980.50000000
   3850.00000000    156.93116864    987.87500000
   3850.00000000    161.11264609    995.25000000
   3850.00000000    166.13169127   1002.62500000
   3850.00000000    171.98830418   1010.00000000

   3960.00000000    109.63852416    715.00000000
   3960.00000000    113.44070861    722.37500000
   3960.00000000    116.90277274    729.75000000
   3960.00000000    120.02471656    737.12500000
   3960.00000000    122.80654006    744.50000000
   3960.00000000    125.24824325    751.87500000
   3960.00000000    127.34982613    759.25000000
   3960.00000000    129.11128869    766.62500000
   3960.00000000    130.53263094    774.00000000
   3960.00000000    131.61385288    781.37500000
   3960.00000000    132.35495450    788.75000000
   3960.00000000    132.75593581    796.12500000
   3960.00000000    132.81679680    803.50000000
   3960.00000000    132.53753748    810.87500000
   3960.00000000    131.91815785    818.25000000
   3960.00000000    130.95865790    825.62500000
   3960.00000000    129.65903764    833.00000000
   3960.00000000    128.01929707    840.37500000
   3960.00000000    126.03943618    847.75000000
   3960.00000000    123.71945498    855.12500000
   3960.00000000    121.05935347    862.50000000
   3960.00000000    180.60698171    869.87500000
   3960.00000000    173.64130282    877.25000000
   3960.00000000    167.26686303    884.62500000
   3960.00000000    161.48366235    892.00000000
   3960.00000000    156.29170078    899.37500000
   3960.00000000    151.69097832    906.75000000
   3960.00000000    147.68149497    914.12500000
   3960.00000000    144.26325072    921.50000000
   3960.00000000    141.43624558    928.87500000
   3960.00000000    139.20047955    936.25000000
   3960.00000000    137.55595263    943.62500000
   3960.00000000    136.50266482    951.00000000
   3960.00000000    136.04061611    958.37500000
   3960.00000000    136.16980651    965.75000000
   3960.00000000    136.89023602    973.12500000
   3960.00000000    138.20190464    980.50000000
   3960.00000000    140.10481236    987.87500000
   3960.00000000    142.59895920    995.25000000
   3960.00000000    145.68434514   1002.62500000
   3960.00000000    149.36097018   1010.00000000

   4070.00000000    113.80161444    715.00000000
   4070.00000000    115.00874013    722.37500000
   4070.00000000    116.06990366    729.75000000
   4070.00000000    116.98510502    737.12500000
   4070.00000000    117.75434422    744.50000000
   4070.00000000    118.37762124    751.87500000
   4070.00000000    118.85493610    759.25000000
   4070.00000000    119.18628879    766.62500000
   4070.00000000    119.37167931    774.00000000
   4070.00000000    119.41110767    781.37500000
   4070.00000000    119.30457385    788.75000000
   4070.00000000    119.05207787    796.12500000
   4070.00000000    118.65361972    803.50000000
   4070.00000000    118.10919941    810.87500000
   4070.00000000    117.41881692    818.25000000
   4070.00000000    116.58247227    825.62500000
   4070.00000000    115.60016545    833.00000000
   4070.00000000    114.47189646    840.37500000
   4070.00000000    113.19766531    847.75000000
   4070.00000000    111.77747198    855.12500000
   4070.00000000    110.21131649    862.50000000
   4070.00000000    156.33584891    869.87500000
   4070.00000000    152.07567250    877.25000000
   4070.00000000    148.11497085    884.62500000
   4070.00000000    144.45374397    892.00000000
   4070.00000000    141.09199186    899.37500000
   4070.00000000    138.02971451    906.75000000
   4070.00000000    135.26691193    914.12500000
   4070.00000000    132.80358412    921.50000000
   4070.00000000    130.63973108    928.87500000
   4070.00000000    128.77535280    936.25000000
   4070.00000000    127.21044929    943.62500000
   4070.00000000    125.94502055    951.00000000
   4070.00000000    124.97906658    958.37500000
   4070.00000000    124.31258737    965.75000000
   4070.00000000    123.94558293    973.12500000
   4070.00000000    123.87805326    980.50000000
   4070.00000000    124.10999836    987.87500000
   4070.00000000    124.64141822    995.25000000
   4070.00000000    125.47231285   1002.62500000
   4070.00000000    126.60268225   1010.00000000

   4180.00000000    121.72360728    715.00000000
   4180.00000000    119.96131882    722.37500000
   4180.00000000    118.27648683    729.75000000
   4180.00000000    116.66911129    737.12500000
   4180.00000000    115.13919222    744.50000000
   4180.00000000    113.68672961    751.87500000
   4180.00000000    112.31172346    759.25000000
   4180.00000000    111.01417378    766.62500000
   4180.00000000    109.79408056    774.00000000
   4180.00000000    108.65144380    781.37500000
   4180.00000000    107.58626351    788.75000000
   4180.00000000    106.59853967    796.12500000
   4180.00000000    105.68827230    803.50000000
   4180.00000000    104.85546140    810.87500000
   4180.00000000    104.10010695    818.25000000
   4180.00000000    103.42220897    825.62500000
   4180.00000000    102.82176745    833.00000000
   4180.00000000    102.29878240    840.37500000
   4180.00000000    101.85325381    847.75000000
   4180.00000000    101.48518168    855.12500000
   4180.00000000    101.19456601    862.50000000
   4180.00000000    131.12334223    869.87500000
   4180.00000000    130.02024345    877.25000000
   4180.00000000    128.87941937    884.62500000
   4180.00000000    127.70087001    892.00000000
   4180.00000000    126.48459535    899.37500000
   4180.00000000    125.23059540    906.75000000
   4180.00000000    123.93887015    914.12500000
   4180.00000000    122.60941961    921.50000000
   4180.00000000    121.24224379    928.87500000
   4180.00000000    119.83734266    936.25000000
   4180.00000000    118.39471625    943.62500000
   4180.00000000    116.91436454    951.00000000
   4180.00000000    115.39628754    958.37500000
   4180.00000000    113.84048525    965.75000000
   4180.00000000    112.24695767    973.12500000
   4180.00000000    110.61570479    980.50000000
   4180.00000000    108.94672662    987.87500000
   4180.00000000    107.24002316    995.25000000
   4180.00000000    105.49559441   1002.62500000
   4180.00000000    103.71344036   1010.00000000

   4290.00000000    133.40450270    715.00000000
   4290.00000000    128.29844468    722.37500000
   4290.00000000    123.52252223    729.75000000
   4290.00000000    119.07673536    737.12500000
   4290.00000000    114.96108406    744.50000000
   4290.00000000    111.17556835    751.87500000
   4290.00000000    107.72018821    759.25000000
   4290.00000000    104.59494366    766.62500000
   4290.00000000    101.79983468    774.00000000
   4290.00000000     99.33486128    781.37500000
   4290.00000000     97.20002345    788.75000000
   4290.00000000     95.39532121    796.12500000
   4290.00000000     93.92075454    803.50000000
   4290.00000000     92.77632345    810.87500000
   4290.00000000     91.96202794    818.25000000
   4290.00000000     91.47786801    825.62500000
   4290.00000000     91.32384366    833.00000000
   4290.00000000     91.49995488    840.37500000
   4290.00000000     92.00620168    847.75000000
   4290.00000000     92.84258407    855.12500000
   4290.00000000     94.00910203    862.50000000
   4290.00000000    104.96946167    869.87500000
   4290.00000000    107.47501568    877.25000000
   4290.00000000    109.56020861    884.62500000
   4290.00000000    111.22504047    892.00000000
   4290.00000000    112.46951126    899.37500000
   4290.00000000    113.29362098    906.75000000
   4290.00000000    113.69736962    914.12500000
   4290.00000000    113.68075720    921.50000000
   4290.00000000    113.24378370    928.87500000
   4290.00000000    112.38644914    936.25000000
   4290.00000000    111.10875350    943.62500000
   4290.00000000    109.41069679    951.00000000
   4290.00000000    107.29227901    958.37500000
   4290.00000000    104.75350015    965.75000000
   4290.00000000    101.79436023    973.12500000
   4290.00000000     98.41485923    980.50000000
   4290.00000000     94.61499717    987.87500000
   4290.00000000     90.39477403    995.25000000
   4290.00000000     85.75418982   1002.62500000
   4290.00000000     80.69324454   1010.00000000

   4400.00000000    148.84430070    715.00000000
   4400.00000000    140.02011769    722.37500000
   4400.00000000    131.80800987    729.75000000
   4400.00000000    124.20797722    737.12500000
   4400.00000000    117.22001975    744.50000000
   4400.00000000    110.84413746    751.87500000
   4400.00000000    105.08033035    759.25000000
   4400.00000000     99.92859842    766.62500000
   4400.00000000     95.38894167    774.00000000
   4400.00000000     91.46136009    781.37500000
   4400.00000000     88.14585369    788.75000000
   4400.00000000     85.44242248    796.12500000
   4400.00000000     83.35106643    803.50000000
   4400.00000000     81.87178557    810.87500000
   4400.00000000     81.00457989    818.25000000
   4400.00000000     80.74944938    825.62500000
   4400.00000000     81.10639406    833.00000000
   4400.00000000     82.07541391    840.37500000
   4400.00000000     83.65650894    847.75000000
   4400.00000000     85.84967915    855.12500000
   4400.00000000     88.65492454    862.50000000
   4400.00000000     77.87420723    869.87500000
   4400.00000000     84.43998918    877.25000000
   4400.00000000     90.15733855    884.62500000
   4400.00000000     95.02625536    892.00000000
   4400.00000000     99.04673959    899.37500000
   4400.00000000    102.21879126    906.75000000
   4400.00000000    104.54241035    914.12500000
   4400.00000000    106.01759688    921.50000000
   4400.00000000    106.64435083    928.87500000
   4400.00000000    106.42267222    936.25000000
   4400.00000000    105.35256104    943.62500000
   4400.00000000    103.43401729    951.00000000
   4400.00000000    100.66704097    958.37500000
   4400.00000000     97.05163208    965.75000000
   4400.00000000     92.58779062    973.12500000
   4400.00000000     87.27551659    980.50000000
   4400.00000000     81.11480999    987.87500000
   4400.00000000     74.10567082    995.25000000
   4400.00000000     66.24809908   1002.62500000
   4400.00000000     57.54209477   1010.00000000

